1965	4	80.5
1965	5	140.2
1965	6	247.8
1965	7	219.5
1965	8	263.5
1965	9	126.9
1965	10	191.5
1965	11	226.5
1965	12	237.4
1966	1	88.7
1966	2	55.8
1966	3	45.4
1966	4	48.4
1966	5	69.8
1966	6	130.9
1966	7	269.8
1966	8	132.7
1966	9	148
1966	10	159.5
1966	11	179.5
1966	12	283.3
1967	1	149.2
1967	2	89.1
1967	3	62.6
1967	4	46.1
1967	5	89.5
1967	6	78.3
1967	7	77.9
1967	8	161.5
1967	9	153.3
1967	10	226
1967	11	181.7
1967	12	106.3
1968	1	49.5
1968	2	43.1
1968	3	33.3
1968	4	29.5
1968	5	33.2
1968	6	36.4
1968	7	46.7
1968	8	73.9
1968	9	63.3
1968	10	69.8
1968	11	88.8
1968	12	62
1969	1	56
1969	2	41.4
1969	3	33.9
1969	4	44.7
1969	5	143.2
1969	6	332.4
1969	7	152
1969	8	214.4
1969	9	162.3
1969	10	103.7
1969	11	125.3
1969	12	104.2
1970	1	73.3
1970	2	27.2
1970	3	24.6
1970	4	27.6
1970	5	30.3
1970	6	126.9
1970	7	117.2
1970	8	145
1970	9	99.3
1970	10	130.6
1970	11	135.8
1970	12	131.3
1971	1	64.1
1971	2	44.6
1971	3	22.2
1971	4	15.9
1971	5	141.4
1971	6	74.6
1971	7	210.9
1971	8	173.8
1971	9	95.6
1971	10	130.3
1971	11	115
1971	12	97.7
1972	1	68.4
1972	2	67.7
1972	3	44.2
1972	4	26.9
1972	5	289.3
1972	6	459.2
1972	7	329.4
1972	8	400.4
1972	9	314
1972	10	325.3
1972	11	314
1972	12	286.9
1973	1	77
1973	2	51.6
1973	3	28.2
1973	4	26.5
1973	5	120.4
1973	6	105.1
1973	7	148.5
1973	8	97.6
1973	9	81.5
1973	10	127.5
1973	11	129.8
1973	12	73.6
1974	1	52.8
1974	2	39.7
1974	3	27.7
1974	4	23.3
1974	5	39.6
1974	6	163
1974	7	115
1974	8	112.4
1974	9	113.9
1974	10	123.6
1974	11	141.7
1974	12	99.5
1975	1	59.8
1975	2	43.1
1975	3	41.2
1975	4	55
1975	5	186.6
1975	6	205.4
1975	7	221.2
1975	8	120
1975	9	121.6
1975	10	155.4
1975	11	194.7
1975	12	150.2
1976	1	69.5
1976	2	46.6
1976	3	38.1
1976	4	26.8
1976	5	27.2
1976	6	130.8
1976	7	73.8
1976	8	75.4
1976	9	98.4
1976	10	177.3
1976	11	147.5
1976	12	96.8
1977	1	90.5
1977	2	15.4
1977	3	35.9
1977	4	44.5
1977	5	103.9
1977	6	133.1
1977	7	238
1977	8	161.2
1977	9	188.2
1977	10	204.9
1977	11	220.4
1977	12	188.4
1978	1	86.9
1978	2	48.2
1978	3	30.6
1978	4	31
1978	5	78.1
1978	6	126.6
1978	7	373.5
1978	8	135.3
1978	9	223.8
1978	10	289.2
1978	11	197.6
1978	12	88.8
1979	1	51
1979	2	31.5
1979	3	21.4
1979	4	19.8
1979	5	59.5
1979	6	72.1
1979	7	177.3
1979	8	348.8
1979	9	256.9
1979	10	158.4
1979	11	190.3
1979	12	176.6
1980	1	60.3
1980	2	75.4
1980	3	79.8
1980	4	171.9
1980	5	330.6
1980	6	366.9
1980	7	264
1980	8	202
1980	9	120
1980	10	116.5
1980	11	107.1
1980	12	83.8
1981	1	68
1981	2	50.5
1981	3	42.2
1981	4	51.8
1981	5	332.8
1981	6	223.5
1981	7	194.8
1981	8	160.2
1981	9	133.5
1981	10	113
1981	11	90.6
1981	12	56.8
1982	1	45.6
1982	2	46.6
1982	3	39
1982	4	32.9
1982	5	128.7
1982	6	263.5
1982	7	356.7
1982	8	165.8
1982	9	226.8
1982	10	254.8
1982	11	200.8
1982	12	179.5
1983	1	123
1983	2	76
1983	3	62.3
1983	4	59
1983	5	65.2
1983	6	259.9
1983	7	150.4
1983	8	113.3
1983	9	103.1
1983	10	127
1983	11	119
1983	12	66.2
1984	1	46.4
1984	2	43.7
1984	3	40.9
1984	4	39.8
1984	5	86.1
1984	6	113.1
1984	7	248.1
1984	8	83.3
1984	9	144.5
1984	10	204
1984	11	273.3
1984	12	155.1
1985	1	99.1
1985	2	66.3
1985	3	52.8
1985	4	57.7
1985	5	152.9
1985	6	151.7
1985	7	221.2
1985	8	98.8
1985	9	126.8
1985	10	145.4
1985	11	143.8
1985	12	78.3
1986	1	57
1986	2	53
1986	3	53.3
1986	4	69.2
1986	5	265.5
1986	6	415.4
1986	7	120.5
1986	8	170.3
1986	9	104.3
1986	10	102.4
1986	11	133.9
1986	12	121.2
1987	1	53.5
1987	2	44.4
1987	3	37.8
1987	4	28.1
1987	5	29.1
1987	6	99.2
1987	7	210.9
1987	8	195
1987	9	137.5
1987	10	194.6
1987	11	136.7
1987	12	75
1988	1	47.2
1988	2	34.1
1988	3	35.6
1988	4	27.3
1988	5	34.1
1988	6	99.2
1988	7	123.5
1988	8	198.9
1988	9	112.8
1988	10	117.3
1988	11	126.9
1988	12	86.2
1989	1	49.6
1989	2	40.9
1989	3	40.4
1989	4	28.6
1989	5	29.4
1989	6	88.8
1989	7	91.7
1989	8	113.4
1989	9	96.2
1989	10	114.2
1989	11	103.9
1989	12	74.5
1990	1	52.7
1990	2	38.3
1990	3	38.3
1990	4	64.8
1990	5	86.6
1990	6	104.3
1990	7	66.1
1990	8	148.5
1990	9	230
1990	10	121.8
1990	11	75.3
1990	12	52.2
1991	1	42.9
1991	2	38.3
1991	3	34.1
1991	4	36.3
1991	5	311.6
1991	6	130.8
1991	7	214.7
1991	8	113.9
1991	9	164.5
1991	10	134.6
1991	11	187.1
1991	12	105
1992	1	72.6
1992	2	55
1992	3	50.1
1992	4	64.2
1992	5	314
1992	6	299
1992	7	173.7
1992	8	102.5
1992	9	131
1992	10	159.6
1992	11	168.4
1992	12	128.7
1993	1	80.6
1993	2	62.4
1993	3	64.6
1993	4	66.7
1993	5	189.6
1993	6	445.7
1993	7	263.6
1993	8	227.5
1993	9	144.5
1993	10	128.3
1993	11	121.1
1993	12	116.3
1994	1	72.6
1994	2	62.3
1994	3	51.3
1994	4	64.3
1994	5	76.4
1994	6	171.7
1994	7	276.9
1994	8	102.7
1994	9	175.1
1994	10	159.5
1994	11	128.2
1994	12	109
1995	1	65.6
1995	2	60.3
1995	3	55.6
1995	4	46.8
1995	5	41.9
1995	6	212
1995	7	144.1
1995	8	82.4
1995	9	210.6
1995	10	160.8
1995	11	148.8
1995	12	104.6
1996	1	64.6
1996	2	61.3
1996	3	68
1996	4	84.9
1996	5	71.7
1996	6	131.9
1996	7	79
1996	8	98.1
1996	9	91.7
1996	10	86.9
1996	11	73.9
1996	12	55.7
1997	1	47.7
1997	2	51.2
1997	3	45.4
1997	4	96.7
1997	5	135.7
1997	6	319.5
1997	7	153.3
1997	8	178.9
1997	9	198.5
1997	10	180.7
1997	11	174.3
1997	12	105.7
1998	1	65.3
1998	2	62.6
1998	3	62
1998	4	89.8
1998	5	71.6
1998	6	64.5
1998	7	84.5
1998	8	91.6
1998	9	75.6
1998	10	51.9
1998	11	42.2
1998	12	32.7
1999	1	32.8
1999	2	30.5
1999	3	30.9
1999	4	23.2
1999	5	53.6
1999	6	137
1999	7	102.1
1999	8	180.7
1999	9	270.5
1999	10	155.1
1999	11	116.7
1999	12	66.2
2000	1	45.9
2000	2	62.8
2000	3	38.8
2000	4	25.3
2000	5	38.1
2000	6	304.7
2000	7	224.4
2000	8	170.3
2000	9	220
2000	10	186.1
2000	11	144.6
2000	12	117.8
2001	1	86.5
2001	2	62.2
2001	3	39.1
2001	4	37.9
2001	5	242.7
2001	6	231.9
2001	7	480.4
2001	8	223.2
2001	9	120
2001	10	89
2001	11	88.2
2001	12	73.6
2002	1	50.5
2002	2	61.8
2002	3	90.3
2002	4	68.2
2002	5	116.6
2002	6	174
2002	7	135.2
2002	8	130.5
2002	9	164.3
2002	10	311.6
2002	11	150.8
2002	12	158.7
2003	1	94.3
2003	2	63.4
2003	3	57.1
2003	4	46.5
2003	5	42.1
2003	6	271.5
2003	7	185.7
2003	8	119.1
2003	9	130.1
2003	10	138.5
2003	11	125.3
2003	12	88.8
2004	1	62.9
2004	2	58
2004	3	58.9
2004	4	113.8
2004	5	66.9
2004	6	171.6
2004	7	197.7
2004	8	120.3
2004	9	146.8
2004	10	111.5
2004	11	145.1
2004	12	71.6
2005	1	55.5
2005	2	48.3
2005	3	43.1
2005	4	41.9
2005	5	113.9
2005	6	247.9
2005	7	239.9
2005	8	279.8
2005	9	150
2005	10	102.9
2005	11	140.5
2005	12	117.3
2006	1	71.7
2006	2	47.3
2006	3	48
2006	4	67.5
2006	5	76.4
2006	6	276.8
2006	7	330.8
2006	8	229.1
2006	9	214.1
2006	10	176.9
2006	11	137.6
2006	12	115.3
2007	1	82
2007	2	68.9
2007	3	53.6
2007	4	66.7
2007	5	57.8
2007	6	55.1
2007	7	150.2
2007	8	86.2
2007	9	107.9
2007	10	104
2007	11	91.4
2007	12	42
2008	1	29.6
2008	2	37.4
2008	3	20.5
2008	4	
2008	5	
2008	6	
2008	7	
2008	8	
2008	9	
2008	10	
2008	11	
2008	12	
2009	1	
2009	2	
2009	3	
2009	4	
2009	5	
2009	6	
2009	7	
2009	8	
2009	9	
2009	10	
2009	11	
2009	12	
2010	1	
2010	2	
2010	3	
