1941	4	17.1	0		0	45
1941	5	47.6	0		0	45.1
1941	6	80.9	0		0	45.6
1941	7	65.5	0		0	46.4
1941	8	78.7	0		0	47.1
1941	9	53.5	0		0	47.7
1941	10	116.4	0		0	48.6
1941	11	176.9	0		0	49.5
1941	12	180.9	0		0	49.5
1942	1	74.8	0		0	48.9
1942	2	30.3	0		0	48.1
1942	3	17.9	0		0	47.4
1942	4	16.7	0		0	46.5
1942	5	31.1	0		0	45.8
1942	6	38.6	0		0	45.5
1942	7	37.8	0		0	45.3
1942	8	43.9	0		0	45.2
1942	9	50.5	0		0	45.2
1942	10	88.2	0		0	45.9
1942	11	134.5	0		0	47.7
1942	12	74.8	0		0	48.6
1943	1	25.7	0		0	48
1943	2	15.5	0		0	47.1
1943	3	11.9	0		0	46.2
1943	4	13.1	0		0	45.1
1943	5	44.2	0		0	44.6
1943	6	25.8	0		0	44.3
1943	7	36.9	0		0	43.9
1943	8	37.6	0		0	44.2
1943	9	66.8	0		0	44
1943	10	87.7	0		0	44.9
1943	11	75.2	0		0	45.9
1943	12	33.5	0		0	46.2
1944	1	19.9	0		0	45.6
1944	2	13	0		0	44.8
1944	3	8.6	0		0	43.8
1944	4	11.5	0		0	43.7
1944	5	31.4	0		0	43.3
1944	6	78.4	0		0	43.5
1944	7	70.1	0		0	44
1944	8	63.2	0		0	44
1944	9	51.7	0		0	44.4
1944	10	126.7	0		0	45.7
1944	11	174.9	0		0	48.3
1944	12	98.3	0		0	49.4
1945	1	52.7	0		0	48.5
1945	2	28.8	0		0	47.7
1945	3	18.1	0		0	47
1945	4	24.4	0		0	46.3
1945	5	128.7	0		0	47.2
1945	6	96.2	0		0	48.5
1945	7	58.3	0		0	48.5
1945	8	54.4	0		0	48.3
1945	9	70.1	0		0	48.4
1945	10	127	0		0	48.9
1945	11	131	0		0	49.2
1945	12	70.1	0		0	48.8
1946	1	34.5	0		0	48.1
1946	2	29.6	0		0	47.6
1946	3	12.8	0		0	46.8
1946	4	21.1	0		0	46
1946	5	23.3	0		0	45.2
1946	6	29.4	0		0	44.7
1946	7	53.6	0		0	44.6
1946	8	41.8	0		0	44.7
1946	9	58.7	0		0	44.8
1946	10	50.6	0		0	45.1
1946	11	77.5	0		0	45.7
1946	12	47.4	0		0	46.1
1947	1	22.6	0		0	45.8
1947	2	14.8	0		0	45.1
1947	3	15.8	0		0	44.2
1947	4	15.1	0		0	44
1947	5	20.5	0		0	43.5
1947	6	57.9	0		0	43.4
1947	7	41.8	0		0	43.5
1947	8	44.7	0		0	43.5
1947	9	43.1	0		0	43.5
1947	10	70.1	0		0	43.7
1947	11	80.7	0		0	44.2
1947	12	40.2	0		0	44.2
1948	1	20.3	0		0	44.2
1948	2	13.3	0		0	43.8
1948	3	10.4	0		0	43.3
1948	4	31.5	0		0	42.9
1948	5	35.4	0		0	42.7
1948	6	56.3	0		0	42.8
1948	7	62.7	0		0	43.1
1948	8	31.7	0		0	43.1
1948	9	70	0		0	43.3
1948	10	96.5	0		0	43.9
1948	11	149	0		0	45.4
1948	12	121.9	0		0	47.7
1949	1	56.1	0		0	48.2
1949	2	31.1	0		0	47.6
1949	3	31.2	0		0	47
1949	4	25	0		0	46.3
1949	5	142	0		0	47.2
1949	6	185.5	0		0	48.7
1949	7	54	0		0	48.5
1949	8	32.7	0		0	47.7
1949	9	34.7	0		0	47.2
1949	10	54.9	0		0	47.1
1949	11	41.7	0		0	47.1
1949	12	35.1	0		0	46.8
1950	1	26	0		0	46.3
1950	2	17.6	0		0	45.5
1950	3	16.4	0		0	44.6
1950	4	35.3	0		0	44
1950	5	109.5	0		0	44.7
1950	6	77.1	0		0	46
1950	7	39.8	0		0	46.4
1950	8	113.4	0		0	47.1
1950	9	62	0		0	47.7
1950	10	76.2	0		0	47.6
1950	11	139.7	0		0	48.2
1950	12	136.5	0		0	48.6
1951	1	87.1	0		0	48.3
1951	2	56.5	0		0	47.7
1951	3	26.1	0		0	47
1951	4	21.1	0		0	46.2
1951	5	87	0		0	46.3
1951	6	123.7	0		0	47.3
1951	7	100.8	0		0	48
1951	8	72.8	0		0	47.8
1951	9	90.3	0		0	47.6
1951	10	103.3	0		0	47.8
1951	11	137.1	0		0	48.1
1951	12	106.7	0		0	48.1
1952	1	51.2	0		0	47.4
1952	2	35.6	0		0	46.5
1952	3	42.5	0		0	45.9
1952	4	30.3	0		0	45.2
1952	5	57.8	0		0	44.7
1952	6	55.4	0		0	44.7
1952	7	52.8	0		0	44.5
1952	8	44.1	0		0	44.3
1952	9	63.7	0		0	44.2
1952	10	75.9	0		0	44.6
1952	11	60.3	0		0	44.8
1952	12	31.8	0		0	44.5
1953	1	24	0		0	43.8
1953	2	20.9	0		0	43.8
1953	3	18.3	0		0	43.4
1953	4	22.4	0		0	43
1953	5	104.9	0		0	43.3
1953	6	102	0		0	43.9
1953	7	63.9	0		0	44.4
1953	8	92.1	0		0	44.7
1953	9	81.5	0		0	45.9
1953	10	64	0		0	46.7
1953	11	156.8	0		0	48
1953	12	162.3	0		0	49.2
1954	1	82.7	0		0	48.7
1954	2	28.1	0		0	47.8
1954	3	18.4	0		0	46.9
1954	4	23	0		0	46.1
1954	5	38.9	0		0	45.6
1954	6	71.2	0		0	45.7
1954	7	52.9	0		0	45.9
1954	8	92.2	0		0	46.2
1954	9	50.5	0		0	46.3
1954	10	82.4	0		0	46.1
1954	11	118.5	0		0	47.1
1954	12	81.2	0		0	47.7
1955	1	75.4	0		0	47.9
1955	2	24.4	0		0	48
1955	3	12.2	0		0	47.1
1955	4	16.9	0		0	46
1955	5	20.8	0		0	45
1955	6	60.5	0		0	44.7
1955	7	29.6	0		0	44.6
1955	8	39.7	0		0	44.2
1955	9	34.1	0		0	44
1955	10	70.6	0		0	44.3
1955	11	101.2	0		0	45.4
1955	12	59.6	0		0	46.4
1956	1	55.7	0		0	46.8
1956	2	23	0		0	46.6
1956	3	31.2	0		0	46
1956	4	35.7	0		0	45.7
1956	5	61.4	0		0	45.8
1956	6	33.7	0		0	45.7
1956	7	72.4	0		0	45.6
1956	8	43.8	0		0	45.6
1956	9	34.4	0		0	45.3
1956	10	78.1	0		0	45.6
1956	11	94.7	0		0	46.7
1956	12	40.1	0		0	47.3
1957	1	17.4	0		0	46.8
1957	2	11.7	0		0	45.9
1957	3	9.8	0		0	44.9
1957	4	9.8	0		0	43.9
1957	5	37.8	0		0	44
1957	6	38.3	0		0	43.9
1957	7	62.2	0		0	44
1957	8	74.4	0		0	44
1957	9	49.3	0		0	44.5
1957	10	76.1	0		0	45
1957	11	114.4	0		0	46.4
1957	12	77.9	0		0	47.8
1958	1	29.8	0		0	48
1958	2	17.1	0		0	47.2
1958	3	15.1	0		0	46.1
1958	4	16.7	0		0	44.9
1958	5	48.5	0		0	44.3
1958	6	95.1	0		0	44.8
1958	7	134.1	0		0	46.6
1958	8	61.8	0		0	47.9
1958	9	46.5	0		0	47.7
1958	10	88.3	0		0	47.9
1958	11	110	0		0	49.2
1958	12	46.5	0		0	50
1959	1	25.2	0		0	49.5
1959	2	19.1	0		0	48.7
1959	3	17	0		0	47.7
1959	4	98.8	0		0	47.6
1959	5	77.9	0		0	48.3
1959	6	81.7	0		0	48.7
1959	7	80.5	0		0	49.1
1959	8	51.8	0		0	49.2
1959	9	102.2	0		0	49.6
1959	10	96.8	0		0	50.6
1959	11	111.1	0		0	51.6
1959	12	78.9	0		0	52.5
1960	1	37.2	0		0	52.6
1960	2	17.3	0		0	51.7
1960	3	17	0		0	50.4
1960	4	18.6	0		0	49
1960	5	16.5	0		0	47.6
1960	6	67.4	0		0	46.8
1960	7	48	0		0	46.7
1960	8	41	0		0	46.2
1960	9	36	0		0	45.1
1960	10	101.5	0		0	45.1
1960	11	115.5	0		0	46.6
1960	12	62.1	0		0	47.6
1961	1	35.8	0		0	47.3
1961	2	18.9	0		0	46.5
1961	3	22.3	0		0	45.5
1961	4	13.3	0		0	44.1
1961	5	18.5	0		0	43.6
1961	6	50.3	0		0	43
1961	7	92	0		0	43.1
1961	8	68.3	0		0	43.4
1961	9	72	0		0	43.5
1961	10	110.9	0		0	44
1961	11	131.5	0		0	45.3
1961	12	79.9	0		0	46.9
1962	1	34.2	0		0	47.1
1962	2	18.4	0		0	46.4
1962	3	14.9	0		0	45.4
1962	4	8.3	0		0	43.9
1962	5	17.7	0		0	43.3
1962	6	35.7	0		0	42.5
1962	7	23.4	0		0	41.8
1962	8	57.4	0		0	41.3
1962	9	49.3	0		0	41.1
1962	10	58.9	0		0	41
1962	11	50.3	0		0	40.8
1962	12	19	0		0	40.4
1963	1	17.9	0		0	39.5
1963	2	21.2	0		0	38.3
1963	3	16.5	0		0	37.1
1963	4	20.4	0		0	35.9
1963	5	23.9	0		0	35.1
1963	6	40.3	0		0	34.6
1963	7	48.6	0		0	34.3
1963	8	52	0		0	34.1
1963	9	53.9	0		0	34.1
1963	10	99.2	0		0	34.6
1963	11	139.9	0		0	35.9
1963	12	122.4	0		0	37.5
1964	1	54.7	0		0	38.3
1964	2	13.6	0		0	38.1
1964	3	31.4	0		0	37.6
1964	4	11.6	0		0	36.8
1964	5	19.2	0		0	35.7
1964	6	24.5	0		0	34.6
1964	7	24.7	0		0	33.7
1964	8	25.9	0		0	33.1
1964	9	39.4	0		0	32.8
1964	10	75.3	0		0	33.1
1964	11	85.6	0		0	34
1964	12	67.2	0		0	34.7
1965	1	32.6	0		0	35
1965	2	24.8	0		0	34.7
1965	3	17.8	0		0	34.1
1965	4	43.9	0	80.5	0	33.4
1965	5	70	0	140.2	0	33.2
1965	6	125	0	247.8	0	34
1965	7	78.9	0	219.5	0	34.7
1965	8	78.6	0	263.5	0	35.1
1965	9	39.9	0	126.9	0	35.1
1965	10	88.1	0	191.5	0	35.2
1965	11	148.6	0	226.5	0	36.4
1965	12	129.3	0	237.4	0	38.2
1966	1	45.9	0	88.7	0	39
1966	2	26.6	0	55.8	0	38.7
1966	3	18.8	0	45.4	0	38
1966	4	25	0	48.4	0	37.1
1966	5	39.6	0	69.8	0	36.3
1966	6	52.7	0	130.9	0	35.6
1966	7	83.8	0	269.8	0	35.4
1966	8	46.8	0	132.7	0	35.1
1966	9	43	0	148	0	34.5
1966	10	81.7	0	159.5	0	34.4
1966	11	120.7	0	179.5	0	35.2
1966	12	130.5	0	283.3	0	36.5
1967	1	72.2	0	149.2	0	37.4
1967	2	39.8	0	89.1	0	37.4
1967	3	24.2	0	62.6	0	36.8
1967	4	23.9	0	46.1	0	35.7
1967	5	39.7	0	89.5	0	34.6
1967	6	31.5	0	78.3	0	33.5
1967	7	30	0	77.9	0	32.2
1967	8	45.5	0	161.5	0	31
1967	9	45.3	0	153.3	0	29.9
1967	10	106.4	0	226	0	29.8
1967	11	115.5	0	181.7	0	30.5
1967	12	68.6	0	106.3	0	31
1968	1	29.4	0	49.5	0	30.4
1968	2	24.4	0	43.1	0	29.2
1968	3	23.1	0	33.3	0	28.4
1968	4	22.6	0	29.5	0	27.4
1968	5	24.9	0	33.2	0	26.4
1968	6	21.9	0	36.4	0	25.6
1968	7	23.5	0	46.7	0	25
1968	8	33.8	0	73.9	0	24.6
1968	9	37	0	63.3	0	24.3
1968	10	40.2	0	69.8	0	24
1968	11	45.6	0	88.8	0	24
1968	12	37.3	0	62	0	23.8
1969	1	26.2	0	56	0	23.6
1969	2	19.6	0	41.4	0	23.2
1969	3	18.3	0	33.9	0	22.6
1969	4	28.1	0	44.7	0	21.9
1969	5	54.9	0	143.2	0	21.2
1969	6	130.5	0	332.4	0	21.5
1969	7	70.3	0	152	0	22
1969	8	69.4	0	214.4	0	22.1
1969	9	71.2	0	162.3	0	22.2
1969	10	73.6	0	103.7	0	22.2
1969	11	109	0	125.3	0	22.6
1969	12	80.2	0	104.2	0	23.3
1970	1	32.5	0	73.3	0	23.6
1970	2	28.4	0	27.2	0	23.2
1970	3	22.6	0	24.6	0	22.4
1970	4	20.8	0	27.6	0	21.8
1970	5	26.3	0	30.3	0	21.1
1970	6	50.2	0	126.9	0	20.5
1970	7	39.1	0	117.2	0	20.4
1970	8	33.1	0	145	0	20.4
1970	9	36.7	0	99.3	0	20.5
1970	10	77.5	0	130.6	0	20.8
1970	11	108.4	0	135.8	0	21.6
1970	12	86.6	0	131.3	0	22.6
1971	1	41.4	0	64.1	0	23
1971	2	31.3	0	44.6	0	22.8
1971	3	23.4	0	22.2	0	22.1
1971	4	18.5	0	15.9	0	21.3
1971	5	67.9	0	141.4	0	20.9
1971	6	43.5	0	74.6	0	20.9
1971	7	86.2	0	210.9	0	21
1971	8	76.1	0	173.8	0	21.5
1971	9	55.7	0	95.6	0	21.8
1971	10	89.5	0	130.3	0	22.2
1971	11	104.2	0	115	0	23.1
1971	12	62.8	0	97.7	0	23.7
1972	1	36	0	68.4	0	23.9
1972	2	9.1	0	67.7	0	23.8
1972	3	22.1	0	44.2	0	23.5
1972	4	17.1	0	26.9	0	23
1972	5	164.7	0	289.3	0	23.6
1972	6	140.6	0	459.2	0	25.2
1972	7	67.9	0	329.4	0	26.2
1972	8	127.2	0	400.4	0	27.2
1972	9	79.9	0	314	0	28.1
1972	10	91.5	0	325.3	0	28.8
1972	11	133	0	314	0	30.3
1972	12	98.9	0	286.9	0	31.8
1973	1	44.9	0	77	0	32.4
1973	2	28	0	51.6	0	32.4
1973	3	19.9	0	28.2	0	32.1
1973	4	16	0	26.5	0	31.7
1973	5	52.7	0	120.4	0	31.5
1973	6	58	0	105.1	16.5	31.6
1973	7	53.6	0	148.5	8.8	31.8
1973	8	37.2	0	97.6	17.7	31.8
1973	9	37.6	0	81.5	15.2	31.6
1973	10	68.3	0	127.5	24.7	31.6
1973	11	82.1	0	129.8	22	32
1973	12	46.8	0	73.6	25.4	32.1
1974	1	29.9	0	52.8	30	31.8
1974	2	19.1	0	39.7	15.7	31.2
1974	3	16.3	0	27.7	17.2	30.7
1974	4	15.1	0	23.3	42.7	29.9
1974	5	32.5	0	39.6	44.6	28.9
1974	6	56.1	0	163	15.4	28.7
1974	7	35.7	0	115	27	28.7
1974	8	36.8	0	112.4	45.3	28.3
1974	9	37.6	0	113.9	30.2	27.9
1974	10	87.8	0	123.6	33.3	28
1974	11	109.8	0	141.7	30.2	28.5
1974	12	60.9	0	99.5	20	28.9
1975	1	26.7	0	59.8	17.7	28.8
1975	2	27.3	0	43.1	36.5	28.5
1975	3	20.9	0	41.2	44.2	27.9
1975	4	31.2	0	55	38.5	27.4
1975	5	66.7	0	186.6	44.5	27.1
1975	6	75.9	0	205.4	48.2	27.1
1975	7	69.5	0	221.2	13.7	27.3
1975	8	38.5	0	120	22.3	27.4
1975	9	45.1	0	121.6	41.2	27.2
1975	10	89.2	0	155.4	31.1	27.2
1975	11	139	0	194.7	1.1	28.1
1975	12	97.6	0	150.2	2.4	29.2
1976	1	44.8	0	69.5	30.5	29.9
1976	2	28.7	0	46.6	48.2	29.1
1976	3	21.7	0	38.1	46	28.5
1976	4	21.4	0	26.8	56.1	27.8
1976	5	22.5	0	27.2	70	26.9
1976	6	60.1	0	130.8	43.4	26.4
1976	7	44.8	0	73.8	66.9	26
1976	8	40.7	0	75.4	76.9	25.3
1976	9	61.3	0	98.4	69.8	24.6
1976	10	83.7	0	177.3	41.3	24.6
1976	11	99.5	0	147.5	23.2	25
1976	12	64.4	0	96.8	30.3	25.4
1977	1	36	0	90.5	22.6	25.4
1977	2	22.4	0	15.4	88.4	24.7
1977	3	24.4	0	35.9	53.9	23.8
1977	4	17.4	0	44.5	45.2	23.1
1977	5	60	0	103.9	42.8	22.7
1977	6	63.4	0	133.1	58.4	22.6
1977	7	62.9	0	238	11.9	22.7
1977	8	40.4	0	161.2	10.6	22.9
1977	9	68.4	0	188.2	14.5	23.2
1977	10	124.1	20	204.9	27.3	24
1977	11	176.4	20	220.4	14.9	25.6
1977	12	120	20	188.4	12.3	27.3
1978	1	43.7	10.6	86.9	32.4	27.9
1978	2	22.7	6	48.2	37.1	27.7
1978	3	24.4	4.3	30.6	49.4	27.1
1978	4	19.2	3.1	31	54.4	26.5
1978	5	45.9	4.8	78.1	54.7	25.9
1978	6	55	7.6	126.6	45.7	25.6
1978	7	131.8	16.1	373.5	13.7	26.3
1978	8	58.8	8.6	135.3	27.1	27.1
1978	9	82.5	11.3	223.8	43.2	27.3
1978	10	123.9	20	289.2	19.7	28.1
1978	11	120.8	20	197.6	8.4	29.3
1978	12	64.4	17.2	88.8	7.2	30.9
1979	1	29.5	7.7	51	17.8	31.2
1979	2	20.9	5	31.5	39.5	30.7
1979	3	21.7	3.9	21.4	57.6	29.8
1979	4	19.3	3.4	19.8	50.5	28.7
1979	5	36.1	4.7	59.5	31.7	28.2
1979	6	21.2	13.6	72.1	57.7	27.8
1979	7	78.5	8.3	177.3	64.7	27.5
1979	8	126.3	18.5	348.8	26.5	28
1979	9	88.4	15.4	256.9	6.3	29
1979	10	79.4	14.6	158.4	47.5	29.9
1979	11	101.5	20	190.3	30.3	30.6
1979	12	87.6	20	176.6	11.4	31.7
1980	1	36.9	8.2	60.3	32.7	32.1
1980	2	50.9	6.6	75.4	46.2	31.8
1980	3	39.3	6.4	79.8	42.6	31.3
1980	4	78.8	13.8	171.9	34.1	31.3
1980	5	149.5	20	330.6	14.8	32.7
1980	6	146.7	20	366.9	14.9	34.8
1980	7	94.5	15.3	264	16	36.4
1980	8	63.5	10.7	202	12.4	37.1
1980	9	56.8	10.3	120	30.9	37.3
1980	10	71.3	14.6	116.5	29.9	37.5
1980	11	67.9	15.9	107.1	45.8	37.6
1980	12	47.7	12.3	83.8	15.5	37.7
1981	1	30.8	6.8	68	22	37.6
1981	2	18.1	4.8	50.5	19.4	37.1
1981	3	20.8	4.1	42.2	37.1	36.4
1981	4	21.4	4	51.8	21.2	35.7
1981	5	163.9	20	332.8	11.1	36.6
1981	6	89.5	15.4	223.5	8.6	38.3
1981	7	66.8	11.1	194.8	27.4	38.9
1981	8	61.7	10.3	160.2	29	39.1
1981	9	54.3	10	133.5	37.7	39
1981	10	67	13.5	113	36.9	38.9
1981	11	58.4	14.3	90.6	43.3	38.9
1981	12	30.6	7.8	56.8	43.6	38.4
1982	1	20.2	5.2	45.6	37.7	37.6
1982	2	16.8	4.2	46.6	40.8	36.7
1982	3	17.2	3	39	36.2	35.8
1982	4	12.7	2.6	32.9	40.2	34.8
1982	5	49	4.7	128.7	29.4	34.2
1982	6	94.2	10.6	263.5	25.7	34.5
1982	7	107.2	11.3	356.7	18.7	35.5
1982	8	61.1	8.5	165.8	18.6	36.2
1982	9	117.9	16.3	226.8	10.5	37
1982	10	123.4	17.3	254.8	6.2	38.6
1982	11	143.2	20	200.8	7.9	40.4
1982	12	151	20	179.5	13.9	42.4
1983	1	72.8	19	123	6.1	43.7
1983	2	28.8	9.4	76	16.4	43.9
1983	3	16.3	5.8	62.3	36.7	43.2
1983	4	20.1	4.6	59	38.5	42.3
1983	5	22.3	4.6	65.2	42.7	41.3
1983	6	104.4	11.4	259.9	54.6	41
1983	7	51.8	7.5	150.4	31.8	41
1983	8	40	6.5	113.3	45.4	40.6
1983	9	40.7	6.9	103.1	43.6	40
1983	10	85.7	14.8	127	39.9	39.8
1983	11	93.9	17.5	119	38.5	40.3
1983	12	39.3	8.7	66.2	30.4	40.4
1984	1	22.6	4.7	46.4	52.4	39.6
1984	2	14.2	3.9	43.7	64.7	38.3
1984	3	16.7	3.3	40.9	66.1	36.9
1984	4	18.6	2	39.8	74.2	35.4
1984	5	40	3.4	86.1	72.1	34
1984	6	37.1	3.9	113.1	67.7	32.9
1984	7	67.1	6.4	248.1	19.3	32.6
1984	8	30.2	4.3	83.3	31.1	32.5
1984	9	60.2	9	144.5	10.8	32.5
1984	10	143.4	20	204	31.3	33.6
1984	11	150.1	20	273.3	30.9	35.4
1984	12	125.3	20	155.1	21.2	37.1
1985	1	54.6	12.6	99.1	34.3	37.8
1985	2	23	7.1	66.3	59.5	37.3
1985	3	17.9	4.4	52.8	69.9	36
1985	4	30.5	3.6	57.7	62.8	34.7
1985	5	80	7.9	152.9	50.8	34.2
1985	6	75.4	10.5	151.7	45.7	34.2
1985	7	85.2	12.1	221.2	49.2	34.4
1985	8	38.4	5.9	98.8	66.6	34
1985	9	50.3	7	126.8	52.8	33.3
1985	10	72.1	10.8	145.4	56.6	32.9
1985	11	77.2	13.5	143.8	39.6	33
1985	12	32.9	7.5	78.3	71.9	32.6
1986	1	17.5	4.4	57	69.9	31.3
1986	2	14.9	4.4	53	69.7	29.9
1986	3	14.3	3.8	53.3	75.2	28.5
1986	4	31.7	3.8	69.2	60.9	27.6
1986	5	106.2	11.3	265.5	28.3	27.7
1986	6	160.1	20	415.4	19.4	28.9
1986	7	58.7	10.8	120.5	18.7	30.3
1986	8	75.4	10.9	170.3	19.3	30.9
1986	9	56.1	8.7	104.3	8	31.4
1986	10	101.6	15	102.4	11.9	32.3
1986	11	96.2	16.6	133.9	17.5	33.6
1986	12	69.5	16.7	121.2	5.6	34.5
1987	1	27.7	8	53.5	40.4	34.6
1987	2	16.4	5.4	44.4	74.8	33.5
1987	3	21.6	4.9	37.8	82.6	32
1987	4	16	3.8	28.1	77.1	30.4
1987	5	20.7	3.7	29.1	81.5	28.8
1987	6	65.2	8.5	99.2	62.3	28.1
1987	7	89.2	12.1	210.9	31.5	28.3
1987	8	58	8	195	6.9	28.7
1987	9	56.3	8.4	137.5	5.5	29.1
1987	10	128.4	18.7	194.6	7.4	30.6
1987	11	112.1	20	136.7	3.9	32.4
1987	12	45.6	12.3	75	12.9	33.4
1988	1	24.9	6.4	47.2	60	33
1988	2	22.6	4.2	34.1	75.7	31.7
1988	3	22.6	3.4	35.6	83.1	30.2
1988	4	16.8	3.3	27.3	45.2	28.8
1988	5	17.7	3.3	34.1	69	28
1988	6	41.3	4.4	99.2	76.6	27.2
1988	7	44.9	5.8	123.5	71.9	26.5
1988	8	58.7	7.4	198.9	58.3	26.1
1988	9	40.6	6.7	112.8	44.6	25.8
1988	10	82.3	12.7	117.3	47.7	25.8
1988	11	114.5	18.6	126.9	31.9	26.4
1988	12	60.8	12.8	86.2	51.4	26.8
1989	1	26.4	5.8	49.6	73.9	26.4
1989	2	19.7	4.1	40.9	74.9	25.5
1989	3	12.4	3.2	40.4	74.2	24.4
1989	4	12.3	2.6	28.6	72.5	23.3
1989	5	11.7	2.5	29.4	82.9	22.1
1989	6	37.7	4	88.8	67.5	21.2
1989	7	35.5	4.6	91.7	43.9	20.6
1989	8	37.9	5.3	113.4	14.9	20.5
1989	9	41.6	7.3	96.2	0.5	20.8
1989	10	86.3	14.3	114.2	0.2	21.5
1989	11	82.4	15.5	103.9	6	22.6
1989	12	46.4	7.8	74.5	19.4	23.1
1990	1	21.4	4	52.7	50.8	22.9
1990	2	16	2.9	38.3	45.6	22.2
1990	3	18	2.7	38.3	50.4	21.5
1990	4	29.6	4	64.8	22.9	21.1
1990	5	42.3	5.1	86.6	20.2	21.1
1990	6	48.2	6.1	104.3	54.4	21
1990	7	33.6	4.9	66.1	41.6	20.6
1990	8	73.2	9	148.5	12	20.8
1990	9	102	12.9	230	2	21.8
1990	10	68.5	10.8	121.8	12.4	22.8
1990	11	46.6	7.8	75.3	45.2	23
1990	12	26.1	4.7	52.2	45.2	22.6
1991	1	17.8	3.2	42.9	46.1	22
1991	2	12.3	2.5	38.3	43.9	21.4
1991	3	10.8	2.1	34.1	36.5	20.7
1991	4	24.5	2.8	36.3	28.5	20.2
1991	5	160.5	17.1	311.6	28.9	21
1991	6	93.7	12.1	130.8	3.7	22.5
1991	7	81.8	11.5	214.7	12.1	23.4
1991	8	38.3	6.1	113.9	11.7	23.9
1991	9	67.4	9.8	164.5	0.2	24.3
1991	10	71.5	11.4	134.6	16.5	24.9
1991	11	80.2	14.3	187.1	11	25.6
1991	12	51.1	9.6	105	7.4	26.1
1992	1	29.4	6.2	72.6	23.7	26.2
1992	2	19.2	4.1	55	22.1	26
1992	3	19	3.1	50.1	65.6	25.4
1992	4	25.3	2.8	64.2	68	24.5
1992	5	111.5	11.7	314	12.6	24.6
1992	6	90.1	10.4	299	2	25.7
1992	7	50.6	6.7	173.7	15.4	26.3
1992	8	32.7	5.4	102.5	51.3	26.1
1992	9	51.8	9.1	131	2.3	26
1992	10	98.2	15.3	159.6	2.5	26.8
1992	11	139.7	20	168.4	6.1	28.1
1992	12	90.5	19	128.7	2.7	29.7
1993	1	42	9.3	80.6	28.4	30.3
1993	2	20.5	5.2	62.4	63.3	29.7
1993	3	19.1	4	64.6	72.5	28.5
1993	4	33.2	4.5	66.7	47.3	27.8
1993	5	81	10.4	189.6	9.4	27.9
1993	6	176.4	20	445.7	11.5	29.2
1993	7	100.1	14.3	263.6	3.6	31.6
1993	8	97	12.9	227.5	15.5	32.9
1993	9	75	12.8	144.5	4.2	33.9
1993	10	102	16.6	128.3	25.2	34.8
1993	11	105.4	20	121.1	53.4	35.7
1993	12	79.7	18.2	116.3	28.3	36.3
1994	1	35.8	8.7	72.6	70	36
1994	2	22.1	5.2	62.3	83.6	34.7
1994	3	16.4	4.3	51.3	65.2	33.3
1994	4	35.4	5	64.3	68.9	32
1994	5	32	5	76.4	74.3	30.9
1994	6	72.9	9.3	171.7	29	30.4
1994	7	95.6	12.7	276.9	12.2	31.2
1994	8	47.2	7.7	102.7	1.1	32
1994	9	93.9	14.2	175.1	5.5	32.9
1994	10	109.2	18.3	159.5	3.6	34.3
1994	11	91.7	18.8	128.2	2	35.7
1994	12	61.3	13.8	109	4.5	36.7
1995	1	25.5	6.5	65.6	65	36.4
1995	2	16.7	4.3	60.3	86.3	34.9
1995	3	15.8	3.8	55.6	93.3	33.1
1995	4	20.6	4	46.8	91.7	31.3
1995	5	19.4	4.1	41.9	70.7	29.4
1995	6	100.6	13.2	212	42.3	29.1
1995	7	81.3	11.8	144.1	22	30.1
1995	8	54.1	7.5	82.4	21.2	30.6
1995	9	78.4	14.8	210.6	3.1	31.2
1995	10	92.9	16.6	160.8	12.1	32.3
1995	11	121.8	20	148.8	7.3	33.8
1995	12	61.8	16.5	104.6	7.7	35
1996	1	22.4	6.5	64.6	81.4	34.6
1996	2	18.8	4.7	61.3	96.7	32.8
1996	3	20.4	4.3	68	95.8	31
1996	4	25.2	4.6	84.9	96.6	29
1996	5	20.7	4.1	71.7	96.5	27.8
1996	6	55	6.9	131.9	83	26.9
1996	7	29.5	5.5	79	95.7	26
1996	8	39.8	6.5	98.1	92.5	24.9
1996	9	42.5	7.3	91.7	59.7	24.2
1996	10	44.4	8.7	86.9	79	23.7
1996	11	34.5	6.7	73.9	70.7	23
1996	12	17	4.1	55.7	72	22.1
1997	1	7.8	3.2	47.7	76.1	20.9
1997	2	9.6	2.9	51.2	76.3	19.7
1997	3	6.2	2.7	45.4	71.6	18.5
1997	4	38.8	4.2	96.7	61.5	17.6
1997	5	58.4	8.2	135.7	39.9	17.4
1997	6	129.3	17.9	319.5	3.2	18.4
1997	7	78.2	11.9	153.3	9.8	19.8
1997	8	112.5	19.1	178.9	1.6	21.1
1997	9	107.3	18	198.5	1	22.6
1997	10	87.5	15.2	180.7	4.4	23.8
1997	11	96.5	19.7	174.3	3.2	24.9
1997	12	59	16.3	105.7	8.3	25.7
1998	1	29.7	8.2	65.3	25	25.9
1998	2	17.9	5.4	62.6	73	25.4
1998	3	8.9	4.5	62	90.9	24.2
1998	4	14.6	2.9	89.8	88.1	22.9
1998	5	18.4	3.1	71.6	86.4	21.6
1998	6	20.5	2.8	64.5	46.4	20.7
1998	7	21	3	84.5	61.1	20
1998	8	20.7	3	91.6	66.3	19.1
1998	9	28.2	3.3	75.6	31.4	18.4
1998	10	39.9	4.7	51.9	28.2	18.3
1998	11	23.8	3.2	42.2	30.5	18.1
1998	12	17.1	2.3	32.7	29.2	17.7
1999	1	12.4	1.9	32.8	26.1	17.3
1999	2	11.7	1.7	30.5	27.2	16.8
1999	3	9.3	1.7	30.9	23.2	16.3
1999	4	10.9	1.6	23.2	16.3	15.9
1999	5	28.6	3.2	53.6	0.8	15.9
1999	6	44.9	4.4	137	2.4	16.3
1999	7	31.2	4.6	102.1	0	16.7
1999	8	68.7	7.4	180.7	0	17.3
1999	9	70	8.1	270.5	1.8	18.2
1999	10	113.9	16.2	155.1	2.2	19.5
1999	11	102.3	16.6	116.7	2.2	21
1999	12	44.9	7.7	66.2	21.3	21.8
2000	1	22.6	3.9	45.9	51.6	21.5
2000	2	26.8	4.1	62.8	34	21
2000	3	14.4	2.9	38.8	33.7	20.6
2000	4	14.45	2.35	25.3	28.78	20.3
2000	5	16.54	2.34	38.1	28.92	19.8
2000	6	106.16	7.68	304.7	4.71	19.4
2000	7	86.21	7.68	224.4	0.51	20.7
2000	8	85.35	8.49	170.3	0.05	21.7
2000	9	73.02	6.35	220	0.1	22.7
2000	10	113.18	11.82	186.1	0.48	23.5
2000	11	122.72	12.95	144.6	0.26	24.9
2000	12	88.47	10.56	117.8	0.72	26.3
2001	1	44.02	6.5	86.5	0.81	27.2
2001	2	23.07	3.74	62.2	24.55	27.5
2001	3	17.66	2.55	39.1	34.95	27.2
2001	4	16.89	2.16	37.9	44.88	26.7
2001	5	96.5	3.47	242.7	30.48	26
2001	6	102.42	2.98	231.9	0.79	26.6
2001	7	166.34	8.36	480.4	0.4	27.5
2001	8	91.08	7.64	223.2	1.6	29.7
2001	9	64.54	7.64	120	0.8	30.9
2001	10	95.41	10.19	89	1.92	31.7
2001	11	82.76	9.54	88.2	12.59	33
2001	12	47.56	7.49	73.6	20.16	33.8
2002	1	24.99	3.9	50.5	68.13	33.8
2002	2	26.18	4.94	61.8	80.63	32.5
2002	3	41.02	2.24	90.3	60.66	31.1
2002	4	29.07	4.67	68.2	59.31	30.2
2002	5	51.03	6.51	116.6	42.43	29.1
2002	6	49.24	6.47	174	25.66	28.9
2002	7	44.59	5.56	135.2	27.89	28.9
2002	8	113.91	8.56	130.5	1.8	28.8
2002	9	86.8	10.24	164.3	0.21	30.6
2002	10	170.62	13.23	311.6	0.64	31.8
2002	11	147.46	14.2	150.8	0.41	34.5
2002	12	115.5	13.71	158.7	2.53	36.7
2003	1	48.4	9.69	94.3	31.58	38.3
2003	2	17.74	9.94	63.4	74.07	38.1
2003	3	12.34	8.22	57.1	84.33	36.7
2003	4	9.68	5.36	46.5	90.49	34.9
2003	5	11.99	5.77	42.1	89.49	33
2003	6	129.05	16.6	271.5	33.83	31.1
2003	7	78.43	15.36	185.7	23.1	32.5
2003	8	43.21	10.94	119.1	42.79	33.2
2003	9	55.94	12.47	130.1	37.01	32.8
2003	10	61.52	14.99	138.5	36.98	32.8
2003	11	56.28	14.43	125.3	45.7	32.9
2003	12	35.12	6.24	88.8	67.92	32.8
2004	1	21.39	3.87	62.9	60.32	31.7
2004	2	13.97	2.94	58	77.84	30.5
2004	3	13.35	2.19	58.9	81.8	28.9
2004	4	44.13	2.94	113.8	64.01	27.7
2004	5	24.3	4.03	66.9	82.27	27.1
2004	6	76.5	7.77	171.6	36.9	26
2004	7	74.67	9.47	197.7	15.63	26.3
2004	8	43.62	5.96	120.3	46.59	26.9
2004	9	67.22	9.87	146.8	0.91	26.6
2004	10	67.32	10.27	111.5	3.05	27.2
2004	11	78.54	12.79	145.1	0.27	27.8
2004	12	43.68	7.93	71.6	20.98	28.6
2005	1	20.8	4.2	55.5	78.8	28.6
2005	2	16.11	2.98	48.3	79.81	27.5
2005	3	14.16	2.29	43.1	59.52	26.5
2005	4	13.56	1.42	41.9	56.62	25.6
2005	5	49.11	3.1	113.9	37.35	24.7
2005	6	98.92	7.43	247.9	2.1	24.6
2005	7	90.67	8.46	239.9	3.45	25.6
2005	8	111.77	12.16	279.8	0.12	26.5
2005	9	64.17	8.29	150	0.11	27.8
2005	10	95.18	12.32	102.9	0.42	28.3
2005	11	127.21	13.78	140.5	0.09	29.3
2005	12	78.23	9.35	117.3	0.51	31.6
2006	1	40.15	6.05	71.7	19.46	32.6
2006	2	21.85	4.15	47.3	53.78	32.5
2006	3	14.96	2.19	48	80.89	31.5
2006	4	33.61	3.63	67.5	64	29.7
2006	5	34.23	4.06	76.4	85.5	28.7
2006	6	135.62	11.31	276.8	19.5	27.8
2006	7	161.98	7.99	330.8	0.51	29
2006	8	63.27	7.42	229.1	3.48	31.7
2006	9	81.1	8.81	214.1	0.7	32.4
2006	10	97.27	10	176.9	0.51	33.4
2006	11	91.5	12.07	137.6	2.52	34.7
2006	12	75.4	12.78	115.3	14.67	35.8
2007	1	38.8	6.68	82	74.54	36.5
2007	2	24.7	3.24	68.9	90.99	35.3
2007	3	23.9	3.23	53.6	91.46	33.7
2007	4	20.9	3.07	66.7	91.59	31.9
2007	5	17.3	2.04	57.8	94.88	30.2
2007	6	20.8	2.89	55.1	70.96	28.4
2007	7	43.9	4.38	150.2	30.79	27.5
2007	8	25.4	3.45	86.2	32.54	27.3
2007	9	34.6	5.43	107.9	23.95	26.9
2007	10	69.7	11.53	104	7.67	26.8
2007	11	75.2	11.92	91.4	14.39	27.4
2007	12	35.8	6.27	42	27.16	28
2008	1	22.7	3.8	29.6	53.82	27.8
2008	2	20.4	2.93	37.4	65.55	27.1
2008	3	5.9	2.93	20.5	64.26	26.2
2008	4	12.8	2.47		37.71	25.2
2008	5	118.6	4.71		14.93	24.6
2008	6	55.1	9.38		11.27	25.7
2008	7	52.4	8.61		20.84	26
2008	8	79.8	9.92		12	26.2
2008	9	61	8.78		14.77	26.9
2008	10	70.4	11.85		10.79	27.2
2008	11	72.2	13.21		10.69	27.8
2008	12	32.2	7.01		33.28	28.4
2009	1	18	4.17		49.01	28.1
2009	2	15.1	3.04		55.44	27.4
2009	3	12.9	2.2		71.87	26.6
2009	4	14.7	1.49		80.15	25.5
2009	5	74.7	6.79		37.6	24.4
2009	6	69.8	8.87		47.12	24.6
2009	7	66.9	7.6		28.52	24.7
2009	8	71.4	7.43		21.64	25
2009	9	68.1	8.5		7.56	25.4
2009	10	95.2	9.22		17.35	26
2009	11	92.5	10.06		6.26	26.8
2009	12	57.4	9.2		23.94	27.7
2010	1	30.1	5.44		45.13	27.9
2010	2	20.9	3.45		67.33	27.4
2010	3	15.6	2.99		51.81	26.6
