;Año	Mes	Abanico
1980	4	408
1980	5	590
1980	6	405.1
1980	7	355.8
1980	8	242.7
1980	9	100.5
1980	10	0.6
1980	11	46.5
1980	12	74.5
1981	1	133.3
1981	2	29.5
1981	3	64
1981	4	171.8
1981	5	673.7
1981	6	257
1981	7	266.6
1981	8	108.8
1981	9	122.2
1981	10	76.7
1981	11	31.4
1981	12	22.2
1982	1	76.2
1982	2	66.8
1982	3	70.8
1982	4	38.4
1982	5	399.3
1982	6	632
1982	7	621.9
1982	8	276.9
1982	9	395.8
1982	10	327.5
1982	11	127.7
1982	12	1.2
1983	1	110.3
1983	2	18.6
1983	3	1
1983	4	146.5
1983	5	186.8
1983	6	498.6
1983	7	335.2
1983	8	166.6
1983	9	143.6
1983	10	84.3
1983	11	8
1983	12	18.8
1984	1	32.5
1984	2	101.3
1984	3	59.3
1984	4	84.3
1984	5	534.4
1984	6	341.7
1984	7	452.5
1984	8	149
1984	9	326.6
1984	10	301.6
1984	11	37.6
1984	12	19.9
1985	1	69.6
1985	2	17.7
1985	3	28.8
1985	4	206.7
1985	5	454.1
1985	6	226.9
1985	7	290.9
1985	8	117.3
1985	9	158.5
1985	10	244.1
1985	11	66.9
1985	12	0.3
1986	1	9.7
1986	2	45.5
1986	3	117.9
1986	4	192.5
1986	5	529.1
1986	6	575.7
1986	7	151.7
1986	8	369.8
1986	9	95.6
1986	10	145.9
1986	11	316.2
1986	12	26.4
1987	1	0
1987	2	12
1987	3	90.1
1987	4	76
1987	5	171.1
1987	6	262.9
1987	7	425.9
1987	8	352.3
1987	9	239.3
1987	10	193.4
1987	11	63.6
1987	12	55.6
1988	1	33.4
1988	2	0
1988	3	101.7
1988	4	121
1988	5	114.6
1988	6	342.5
1988	7	259
1988	8	353.6
1988	9	61
1988	10	113
1988	11	29.2
1988	12	49.4
1989	1	22.8
1989	2	0
1989	3	51.9
1989	4	7.6
1989	5	91
1989	6	462
1989	7	217.5
1989	8	265.7
1989	9	74.4
1989	10	74.6
1989	11	27
1989	12	114.2
1990	1	29.3
1990	2	47.1
1990	3	101.9
1990	4	177.8
1990	5	230.7
1990	6	218.8
1990	7	196.2
1990	8	303.1
1990	9	378.1
1990	10	50
1990	11	63.7
1990	12	8.5
1991	1	20
1991	2	10.4
1991	3	30.6
1991	4	268
1991	5	633.8
1991	6	267.5
1991	7	308.7
1991	8	147.9
1991	9	244.2
1991	10	130.7
1991	11	63.7
1991	12	191.2
1992	1	15
1992	2	9
1992	3	53.4
1992	4	218.8
1992	5	962.8
1992	6	493
1992	7	197.7
1992	8	148.1
1992	9	229
1992	10	216.1
1992	11	50.7
1992	12	89.6
1993	1	80.5
1993	2	1
1993	3	133.5
1993	4	223.7
1993	5	517.9
1993	6	703.8
1993	7	357.1
1993	8	295.5
1993	9	97.4
1993	10	182.1
1993	11	27.9
1993	12	89
1994	1	14.9
1994	2	4
1994	3	41.1
1994	4	261.2
1994	5	153.4
1994	6	543.4
1994	7	438.7
1994	8	69.7
1994	9	328.9
1994	10	221.2
1994	11	92
1994	12	93.4
1995	1	16.1
1995	2	17.5
1995	3	42.1
1995	4	197.1
1995	5	106.5
1995	6	593
1995	7	513.3
1995	8	304.3
1995	9	67
1995	10	105.7
1995	11	26.7
1995	12	0
1996	1	5
1996	2	35
1996	3	156.1
1996	4	186
1996	5	192.4
1996	6	236
1996	7	77.8
1996	8	253.7
1996	9	56.3
1996	10	96.5
1996	11	86.5
1996	12	24.8
1997	1	35.9
1997	2	56.9
1997	3	11.6
1997	4	336
1997	5	266.6
1997	6	562.2
1997	7	296.5
1997	8	200.1
1997	9	267.2
1997	10	239
1997	11	153.3
1997	12	47.5
1998	1	8.9
1998	2	18
1998	3	26.9
1998	4	130.4
1998	5	159.2
1998	6	138.9
1998	7	130.2
1998	8	161.6
1998	9	106.2
1998	10	2.9
1998	11	50.4
1998	12	38.8
1999	1	15.5
1999	2	42.7
1999	3	5.8
1999	4	63.8
1999	5	358.7
1999	6	535.6
1999	7	90.8
1999	8	338.3
1999	9	292.7
1999	10	40.6
1999	11	14.6
1999	12	9.2
2000	1	3
2000	2	359.7
2000	3	16.2
2000	4	90.5
2000	5	110.3
2000	6	780.6
2000	7	172.1
2000	8	355.8
2000	9	373.1
2000	10	77.6
2000	11	42.4
2000	12	83.6
2001	1	101.7
2001	2	10.5
2001	3	78.3
2001	4	114.4
2001	5	537.2
2001	6	438.3
2001	7	559
2001	8	212.1
2001	9	72.7
2001	10	84.9
2001	11	126.2
2001	12	13.1
2002	1	13.7
2002	2	201.2
2002	3	132.9
2002	4	149.5
2002	5	364.1
2002	6	356.2
2002	7	286.7
2002	8	393.6
2002	9	297.6
2002	10	472.6
2002	11	202.9
2002	12	45.5
2003	1	56
2003	2	0
2003	3	24.6
2003	4	77.2
2003	5	156.2
2003	6	569.8
2003	7	173.5
2003	8	131.2
2003	9	263.1
2003	10	161
2003	11	130
2003	12	40.8
2004	1	6.3
2004	2	20.1
2004	3	66.7
2004	4	273.2
2004	5	79.4
2004	6	410.1
2004	7	355.6
2004	8	181.8
2004	9	174.2
2004	10	223.7
2004	11	96.4
2004	12	67.8
2005	1	10.2
2005	2	0
2005	3	52.3
2005	4	64.5
2005	5	483.1
2005	6	603.5
2005	7	291.8
2005	8	419
2005	9	65.8
2005	10	64.6
2005	11	96
2005	12	92.4
2006	1	53.5
2006	2	11.3
2006	3	53.3
2006	4	137
2006	5	134.7
2006	6	477.5
2006	7	477.2
2006	8	274.1
2006	9	202.7
2006	10	253.3
2006	11	13.2
2006	12	171.6
2007	1	38.6
2007	2	95.1
2007	3	21.2
2007	4	176.6
2007	5	100.5
2007	6	309.3
2007	7	272
2007	8	158.3
2007	9	87.8
2007	10	101.1
2007	11	13.9
2007	12	82.3
2008	1	15.2
2008	2	11.3
2008	3	17.8
