1980 1 0.0
1980 2 246.82999999999996
1980 3 45.83000000000002
1980 4 427.6599999999999
1980 5 687.8199999999999
1980 6 452.0
1980 7 312.06999999999994
1980 8 209.98999999999992
1980 9 97.29999999999997
1980 10 0.0
1980 11 89.31999999999996
1980 12 92.36999999999996
1981 1 168.20999999999998
1981 2 32.649999999999984
1981 3 76.42999999999998
1981 4 135.98999999999995
1981 5 953.49
1981 6 262.26000000000005
1981 7 321.05999999999995
1981 8 156.60999999999996
1981 9 116.79999999999998
1981 10 102.61999999999992
1981 11 32.19
1981 12 36.12
1982 1 78.58000000000001
1982 2 59.319999999999965
1982 3 82.24999999999993
1982 4 50.75999999999999
1982 5 419.79999999999995
1982 6 555.25
1982 7 586.0699999999998
1982 8 298.42999999999995
1982 9 316.91
1982 10 341.15
1982 11 107.9299999999999
1982 12 3.9200000000000204
1983 1 121.07999999999998
1983 2 2.48000000000002
1983 3 0.0
1983 4 135.13999999999993
1983 5 170.53000000000003
1983 6 439.4000000000001
1983 7 330.72
1983 8 196.3599999999999
1983 9 143.7
1983 10 71.59999999999998
1983 11 3.9599999999999795
1983 12 15.839999999999982
1984 1 75.32000000000001
1984 2 74.47
1984 3 65.64999999999999
1984 4 50.579999999999984
1984 5 643.52
1984 6 336.16999999999996
1984 7 475.39000000000004
1984 8 135.26999999999992
1984 9 243.8599999999999
1984 10 239.55999999999992
1984 11 44.939999999999955
1984 12 16.12
1985 1 64.60999999999999
1985 2 4.4200000000000195
1985 3 65.92000000000002
1985 4 205.25999999999996
1985 5 525.27
1985 6 194.12999999999997
1985 7 245.25
1985 8 100.69999999999995
1985 9 174.56999999999996
1985 10 196.84999999999994
1985 11 95.06999999999996
1985 12 0.0
1986 1 27.37999999999998
1986 2 51.67999999999999
1986 3 111.42999999999996
1986 4 254.78999999999994
1986 5 514.34
1986 6 627.0
1986 7 213.04
1986 8 273.31
1986 9 69.50000000000001
1986 10 95.23
1986 11 225.77999999999997
1986 12 36.40999999999998
1987 1 0.0
1987 2 22.09999999999997
1987 3 106.27999999999993
1987 4 64.36999999999998
1987 5 156.0999999999999
1987 6 218.56
1987 7 483.11
1987 8 290.34999999999997
1987 9 154.79
1987 10 147.79999999999993
1987 11 60.05999999999992
1987 12 51.18999999999999
1988 1 76.05999999999997
1988 2 0.0
1988 3 110.26999999999992
1988 4 96.04000000000003
1988 5 171.11
1988 6 464.39999999999986
1988 7 226.23
1988 8 405.7799999999999
1988 9 70.78999999999996
1988 10 115.86
1988 11 17.54
1988 12 52.750000000000014
1989 1 27.939999999999973
1989 2 12.18000000000001
1989 3 33.11000000000004
1989 4 7.529999999999971
1989 5 83.85
1989 6 466.82000000000005
1989 7 275.42999999999995
1989 8 288.2799999999999
1989 9 45.28000000000003
1989 10 75.17
1989 11 22.45999999999998
1989 12 136.2
1990 1 27.93
1990 2 22.05999999999997
1990 3 152.20999999999998
1990 4 175.62999999999997
1990 5 224.97999999999996
1990 6 187.49999999999991
1990 7 148.60999999999993
1990 8 227.71999999999994
1990 9 318.3199999999999
1990 10 50.00999999999998
1990 11 72.32000000000001
1990 12 28.339999999999982
1991 1 30.53999999999996
1991 2 11.06999999999999
1991 3 19.669999999999952
1991 4 264.92999999999995
1991 5 797.7799999999997
1991 6 214.43
1991 7 355.71999999999986
1991 8 98.75999999999992
1991 9 181.90999999999997
1991 10 104.97999999999999
1991 11 52.89
1991 12 204.45999999999998
1992 1 0.0
1992 2 41.65
1992 3 80.42999999999998
1992 4 224.29999999999995
1992 5 804.9599999999999
1992 6 402.97999999999996
1992 7 156.20999999999992
1992 8 144.70999999999992
1992 9 144.24999999999994
1992 10 127.39999999999993
1992 11 39.78000000000001
1992 12 89.71
1993 1 43.89999999999992
1993 2 0.0
1993 3 67.03
1993 4 176.69999999999993
1993 5 509.16999999999996
1993 6 645.75
1993 7 285.0
1993 8 311.89
1993 9 79.93999999999987
1993 10 142.59
1993 11 59.01000000000002
1993 12 83.6
1994 1 38.22
1994 2 28.18999999999994
1994 3 50.879999999999974
1994 4 300.11
1994 5 179.57
1994 6 448.18999999999994
1994 7 503.37999999999994
1994 8 52.86999999999996
1994 9 350.51
1994 10 138.80000000000004
1994 11 49.74999999999996
1994 12 88.74999999999996
1995 1 3.6100000000000096
1995 2 0.15999999999996803
1995 3 43.87999999999998
1995 4 236.7
1995 5 106.51999999999995
1995 6 542.4399999999999
1995 7 485.49
1995 8 336.68999999999994
1995 9 80.56999999999998
1995 10 95.79
1995 11 14.88
1995 12 0.0
1996 1 17.63000000000002
1996 2 34.559999999999995
1996 3 154.50999999999996
1996 4 116.69000000000003
1996 5 166.6
1996 6 204.04000000000002
1996 7 68.14999999999998
1996 8 186.44
1996 9 65.96999999999997
1996 10 64.35999999999997
1996 11 96.24
1996 12 28.499999999999986
1997 1 40.039999999999964
1997 2 55.81
1997 3 21.81000000000001
1997 4 515.13
1997 5 153.68
1997 6 542.41
1997 7 259.85999999999996
1997 8 205.84
1997 9 257.85
1997 10 216.9
1997 11 105.79999999999991
1997 12 64.29999999999998
1998 1 12.89
1998 2 20.359999999999978
1998 3 23.460000000000022
1998 4 93.86999999999993
1998 5 127.43999999999997
1998 6 101.6
1998 7 130.33999999999995
1998 8 129.01000000000002
1998 9 101.97999999999995
1998 10 4.2099999999999795
1998 11 31.26999999999995
1998 12 50.860000000000014
1999 1 14.11
1999 2 34.35000000000001
1999 3 21.39999999999998
1999 4 49.94999999999994
1999 5 252.68000000000004
1999 6 444.0
1999 7 107.33999999999999
1999 8 341.0999999999999
1999 9 306.9599999999999
1999 10 40.89999999999996
1999 11 20.17999999999995
1999 12 13.95999999999998
2000 1 34.91999999999997
2000 2 197.9899999999999
2000 3 36.76999999999997
2000 4 76.92999999999998
2000 5 80.97999999999998
2000 6 781.8000000000002
2000 7 183.51999999999995
2000 8 270.16999999999996
2000 9 330.1099999999999
2000 10 67.89000000000004
2000 11 59.149999999999984
2000 12 79.29999999999998
2001 1 145.54
2001 2 13.93999999999999
2001 3 18.08000000000002
2001 4 77.38
2001 5 605.2799999999999
2001 6 354.7099999999999
2001 7 743.96
2001 8 258.09999999999997
2001 9 35.790000000000006
2001 10 41.34999999999998
2001 11 66.68
2001 12 0.0
2002 1 13.050000000000018
2002 2 151.79
2002 3 238.89999999999998
2002 4 131.76999999999992
2002 5 276.22
2002 6 303.76
2002 7 191.57000000000002
2002 8 479.18
2002 9 156.26
2002 10 427.42
2002 11 129.00000000000003
2002 12 47.45999999999994
2003 1 53.70999999999999
2003 2 2.77999999999997
2003 3 18.560000000000002
2003 4 37.649999999999984
2003 5 114.45999999999997
2003 6 598.24
2003 7 234.02999999999994
2003 8 113.46999999999996
2003 9 204.29999999999995
2003 10 129.8
2003 11 91.84999999999994
2003 12 89.53999999999995
2004 1 0.0
2004 2 17.93
2004 3 95.58000000000003
2004 4 300.0299999999999
2004 5 38.32
2004 6 406.18
2004 7 330.37
2004 8 104.36999999999996
2004 9 191.16
2004 10 186.56999999999988
2004 11 143.53999999999994
2004 12 61.42000000000002
2005 1 28.920000000000023
2005 2 0.0
2005 3 60.250000000000014
2005 4 31.670000000000016
2005 5 628.59
2005 6 475.2899999999999
2005 7 332.30999999999995
2005 8 439.67999999999995
2005 9 56.59999999999999
2005 10 38.269999999999946
2005 11 126.56999999999996
2005 12 89.01999999999995
2006 1 55.62
2006 2 27.46
2006 3 51.78999999999999
2006 4 169.66000000000003
2006 5 253.09999999999994
2006 6 574.1699999999998
2006 7 533.56
2006 8 328.17999999999995
2006 9 171.47999999999996
2006 10 193.92999999999995
2006 11 29.369999999999948
2006 12 186.98999999999992
2007 1 42.71999999999997
2007 2 72.22999999999999
2007 3 27.619999999999997
2007 4 131.07000000000002
2007 5 45.2
2007 6 193.26
2007 7 359.85
2007 8 168.30999999999995
2007 9 76.92000000000002
2007 10 59.13999999999997
2007 11 16.64999999999998
2007 12 64.34999999999997
2008 1 38.39000000000001
2008 2 21.829999999999988
2008 3 24.460000000000008
2008 4 109.16
2008 5 662.34
2008 6 210.9099999999999
2008 7 295.1299999999999
2008 8 388.65
2008 9 86.11999999999993
2008 10 49.48999999999997
2008 11 32.04999999999997
2008 12 43.059999999999945
2009 1 15.159999999999979
2009 2 42.08999999999996
2009 3 26.060000000000016
2009 4 110.50999999999999
2009 5 495.74
2009 6 317.32
2009 7 183.14999999999995
2009 8 325.84999999999985
2009 9 154.41999999999996
2009 10 227.14999999999992
2009 11 165.9799999999999
2009 12 47.69999999999999
2010 1 22.669999999999973
2010 2 59.07
2010 3 41.77999999999999
2010 4 29.740000000000016
2010 5 98.57
2010 6 368.5399999999999
2010 7 284.0899999999999
2010 8 210.98999999999995
2010 9 23.83999999999997
2010 10 75.60000000000001
2010 11 52.16999999999995
2010 12 101.78000000000002
