1941	4	17.1
1941	5	47.6
1941	6	80.9
1941	7	65.5
1941	8	78.7
1941	9	53.5
1941	10	116.4
1941	11	176.9
1941	12	180.9
1942	1	74.8
1942	2	30.3
1942	3	17.9
1942	4	16.7
1942	5	31.1
1942	6	38.6
1942	7	37.8
1942	8	43.9
1942	9	50.5
1942	10	88.2
1942	11	134.5
1942	12	74.8
1943	1	25.7
1943	2	15.5
1943	3	11.9
1943	4	13.1
1943	5	44.2
1943	6	25.8
1943	7	36.9
1943	8	37.6
1943	9	66.8
1943	10	87.7
1943	11	75.2
1943	12	33.5
1944	1	19.9
1944	2	13
1944	3	8.6
1944	4	11.5
1944	5	31.4
1944	6	78.4
1944	7	70.1
1944	8	63.2
1944	9	51.7
1944	10	126.7
1944	11	174.9
1944	12	98.3
1945	1	52.7
1945	2	28.8
1945	3	18.1
1945	4	24.4
1945	5	128.7
1945	6	96.2
1945	7	58.3
1945	8	54.4
1945	9	70.1
1945	10	127
1945	11	131
1945	12	70.1
1946	1	34.5
1946	2	29.6
1946	3	12.8
1946	4	21.1
1946	5	23.3
1946	6	29.4
1946	7	53.6
1946	8	41.8
1946	9	58.7
1946	10	50.6
1946	11	77.5
1946	12	47.4
1947	1	22.6
1947	2	14.8
1947	3	15.8
1947	4	15.1
1947	5	20.5
1947	6	57.9
1947	7	41.8
1947	8	44.7
1947	9	43.1
1947	10	70.1
1947	11	80.7
1947	12	40.2
1948	1	20.3
1948	2	13.3
1948	3	10.4
1948	4	31.5
1948	5	35.4
1948	6	56.3
1948	7	62.7
1948	8	31.7
1948	9	70
1948	10	96.5
1948	11	149
1948	12	121.9
1949	1	56.1
1949	2	31.1
1949	3	31.2
1949	4	25
1949	5	142
1949	6	185.5
1949	7	54
1949	8	32.7
1949	9	34.7
1949	10	54.9
1949	11	41.7
1949	12	35.1
1950	1	26
1950	2	17.6
1950	3	16.4
1950	4	35.3
1950	5	109.5
1950	6	77.1
1950	7	39.8
1950	8	113.4
1950	9	62
1950	10	76.2
1950	11	139.7
1950	12	136.5
1951	1	87.1
1951	2	56.5
1951	3	26.1
1951	4	21.1
1951	5	87
1951	6	123.7
1951	7	100.8
1951	8	72.8
1951	9	90.3
1951	10	103.3
1951	11	137.1
1951	12	106.7
1952	1	51.2
1952	2	35.6
1952	3	42.5
1952	4	30.3
1952	5	57.8
1952	6	55.4
1952	7	52.8
1952	8	44.1
1952	9	63.7
1952	10	75.9
1952	11	60.3
1952	12	31.8
1953	1	24
1953	2	20.9
1953	3	18.3
1953	4	22.4
1953	5	104.9
1953	6	102
1953	7	63.9
1953	8	92.1
1953	9	81.5
1953	10	64
1953	11	156.8
1953	12	162.3
1954	1	82.7
1954	2	28.1
1954	3	18.4
1954	4	23
1954	5	38.9
1954	6	71.2
1954	7	52.9
1954	8	92.2
1954	9	50.5
1954	10	82.4
1954	11	118.5
1954	12	81.2
1955	1	75.4
1955	2	24.4
1955	3	12.2
1955	4	16.9
1955	5	20.8
1955	6	60.5
1955	7	29.6
1955	8	39.7
1955	9	34.1
1955	10	70.6
1955	11	101.2
1955	12	59.6
1956	1	55.7
1956	2	23
1956	3	31.2
1956	4	35.7
1956	5	61.4
1956	6	33.7
1956	7	72.4
1956	8	43.8
1956	9	34.4
1956	10	78.1
1956	11	94.7
1956	12	40.1
1957	1	17.4
1957	2	11.7
1957	3	9.8
1957	4	9.8
1957	5	37.8
1957	6	38.3
1957	7	62.2
1957	8	74.4
1957	9	49.3
1957	10	76.1
1957	11	114.4
1957	12	77.9
1958	1	29.8
1958	2	17.1
1958	3	15.1
1958	4	16.7
1958	5	48.5
1958	6	95.1
1958	7	134.1
1958	8	61.8
1958	9	46.5
1958	10	88.3
1958	11	110
1958	12	46.5
1959	1	25.2
1959	2	19.1
1959	3	17
1959	4	98.8
1959	5	77.9
1959	6	81.7
1959	7	80.5
1959	8	51.8
1959	9	102.2
1959	10	96.8
1959	11	111.1
1959	12	78.9
1960	1	37.2
1960	2	17.3
1960	3	17
1960	4	18.6
1960	5	16.5
1960	6	67.4
1960	7	48
1960	8	41
1960	9	36
1960	10	101.5
1960	11	115.5
1960	12	62.1
1961	1	35.8
1961	2	18.9
1961	3	22.3
1961	4	13.3
1961	5	18.5
1961	6	50.3
1961	7	92
1961	8	68.3
1961	9	72
1961	10	110.9
1961	11	131.5
1961	12	79.9
1962	1	34.2
1962	2	18.4
1962	3	14.9
1962	4	8.3
1962	5	17.7
1962	6	35.7
1962	7	23.4
1962	8	57.4
1962	9	49.3
1962	10	58.9
1962	11	50.3
1962	12	19
1963	1	17.9
1963	2	21.2
1963	3	16.5
1963	4	20.4
1963	5	23.9
1963	6	40.3
1963	7	48.6
1963	8	52
1963	9	53.9
1963	10	99.2
1963	11	139.9
1963	12	122.4
1964	1	54.7
1964	2	13.6
1964	3	31.4
1964	4	11.6
1964	5	19.2
1964	6	24.5
1964	7	24.7
1964	8	25.9
1964	9	39.4
1964	10	75.3
1964	11	85.6
1964	12	67.2
1965	1	32.6
1965	2	24.8
1965	3	17.8
1965	4	43.9
1965	5	70
1965	6	125
1965	7	78.9
1965	8	78.6
1965	9	39.9
1965	10	88.1
1965	11	148.6
1965	12	129.3
1966	1	45.9
1966	2	26.6
1966	3	18.8
1966	4	25
1966	5	39.6
1966	6	52.7
1966	7	83.8
1966	8	46.8
1966	9	43
1966	10	81.7
1966	11	120.7
1966	12	130.5
1967	1	72.2
1967	2	39.8
1967	3	24.2
1967	4	23.9
1967	5	39.7
1967	6	31.5
1967	7	30
1967	8	45.5
1967	9	45.3
1967	10	106.4
1967	11	115.5
1967	12	68.6
1968	1	29.4
1968	2	24.4
1968	3	23.1
1968	4	22.6
1968	5	24.9
1968	6	21.9
1968	7	23.5
1968	8	33.8
1968	9	37
1968	10	40.2
1968	11	45.6
1968	12	37.3
1969	1	26.2
1969	2	19.6
1969	3	18.3
1969	4	28.1
1969	5	54.9
1969	6	130.5
1969	7	70.3
1969	8	69.4
1969	9	71.2
1969	10	73.6
1969	11	109
1969	12	80.2
1970	1	32.5
1970	2	28.4
1970	3	22.6
1970	4	20.8
1970	5	26.3
1970	6	50.2
1970	7	39.1
1970	8	33.1
1970	9	36.7
1970	10	77.5
1970	11	108.4
1970	12	86.6
1971	1	41.4
1971	2	31.3
1971	3	23.4
1971	4	18.5
1971	5	67.9
1971	6	43.5
1971	7	86.2
1971	8	76.1
1971	9	55.7
1971	10	89.5
1971	11	104.2
1971	12	62.8
1972	1	36
1972	2	9.1
1972	3	22.1
1972	4	17.1
1972	5	164.7
1972	6	140.6
1972	7	67.9
1972	8	127.2
1972	9	79.9
1972	10	91.5
1972	11	133
1972	12	98.9
1973	1	44.9
1973	2	28
1973	3	19.9
1973	4	16
1973	5	52.7
1973	6	58
1973	7	53.6
1973	8	37.2
1973	9	37.6
1973	10	68.3
1973	11	82.1
1973	12	46.8
1974	1	29.9
1974	2	19.1
1974	3	16.3
1974	4	15.1
1974	5	32.5
1974	6	56.1
1974	7	35.7
1974	8	36.8
1974	9	37.6
1974	10	87.8
1974	11	109.8
1974	12	60.9
1975	1	26.7
1975	2	27.3
1975	3	20.9
1975	4	31.2
1975	5	66.7
1975	6	75.9
1975	7	69.5
1975	8	38.5
1975	9	45.1
1975	10	89.2
1975	11	139
1975	12	97.6
1976	1	44.8
1976	2	28.7
1976	3	21.7
1976	4	21.4
1976	5	22.5
1976	6	60.1
1976	7	44.8
1976	8	40.7
1976	9	61.3
1976	10	83.7
1976	11	99.5
1976	12	64.4
1977	1	36
1977	2	22.4
1977	3	24.4
1977	4	17.4
1977	5	60
1977	6	63.4
1977	7	62.9
1977	8	40.4
1977	9	68.4
1977	10	124.1
1977	11	176.4
1977	12	120
1978	1	43.7
1978	2	22.7
1978	3	24.4
1978	4	19.2
1978	5	45.9
1978	6	55
1978	7	131.8
1978	8	58.8
1978	9	82.5
1978	10	123.9
1978	11	120.8
1978	12	64.4
1979	1	29.5
1979	2	20.9
1979	3	21.7
1979	4	19.3
1979	5	36.1
1979	6	21.2
1979	7	78.5
1979	8	126.3
1979	9	88.4
1979	10	79.4
1979	11	101.5
1979	12	87.6
1980	1	36.9
1980	2	50.9
1980	3	39.3
1980	4	78.8
1980	5	149.5
1980	6	146.7
1980	7	94.5
1980	8	63.5
1980	9	56.8
1980	10	71.3
1980	11	67.9
1980	12	47.7
1981	1	30.8
1981	2	18.1
1981	3	20.8
1981	4	21.4
1981	5	163.9
1981	6	89.5
1981	7	66.8
1981	8	61.7
1981	9	54.3
1981	10	67
1981	11	58.4
1981	12	30.6
1982	1	20.2
1982	2	16.8
1982	3	17.2
1982	4	12.7
1982	5	49
1982	6	94.2
1982	7	107.2
1982	8	61.1
1982	9	117.9
1982	10	123.4
1982	11	143.2
1982	12	151
1983	1	72.8
1983	2	28.8
1983	3	16.3
1983	4	20.1
1983	5	22.3
1983	6	104.4
1983	7	51.8
1983	8	40
1983	9	40.7
1983	10	85.7
1983	11	93.9
1983	12	39.3
1984	1	22.6
1984	2	14.2
1984	3	16.7
1984	4	18.6
1984	5	40
1984	6	37.1
1984	7	67.1
1984	8	30.2
1984	9	60.2
1984	10	143.4
1984	11	150.1
1984	12	125.3
1985	1	54.6
1985	2	23
1985	3	17.9
1985	4	30.5
1985	5	80
1985	6	75.4
1985	7	85.2
1985	8	38.4
1985	9	50.3
1985	10	72.1
1985	11	77.2
1985	12	32.9
1986	1	17.5
1986	2	14.9
1986	3	14.3
1986	4	31.7
1986	5	106.2
1986	6	160.1
1986	7	58.7
1986	8	75.4
1986	9	56.1
1986	10	101.6
1986	11	96.2
1986	12	69.5
1987	1	27.7
1987	2	16.4
1987	3	21.6
1987	4	16
1987	5	20.7
1987	6	65.2
1987	7	89.2
1987	8	58
1987	9	56.3
1987	10	128.4
1987	11	112.1
1987	12	45.6
1988	1	24.9
1988	2	22.6
1988	3	22.6
1988	4	16.8
1988	5	17.7
1988	6	41.3
1988	7	44.9
1988	8	58.7
1988	9	40.6
1988	10	82.3
1988	11	114.5
1988	12	60.8
1989	1	26.4
1989	2	19.7
1989	3	12.4
1989	4	12.3
1989	5	11.7
1989	6	37.7
1989	7	35.5
1989	8	37.9
1989	9	41.6
1989	10	86.3
1989	11	82.4
1989	12	46.4
1990	1	21.4
1990	2	16
1990	3	18
1990	4	29.6
1990	5	42.3
1990	6	48.2
1990	7	33.6
1990	8	73.2
1990	9	102
1990	10	68.5
1990	11	46.6
1990	12	26.1
1991	1	17.8
1991	2	12.3
1991	3	10.8
1991	4	24.5
1991	5	160.5
1991	6	93.7
1991	7	81.8
1991	8	38.3
1991	9	67.4
1991	10	71.5
1991	11	80.2
1991	12	51.1
1992	1	29.4
1992	2	19.2
1992	3	19
1992	4	25.3
1992	5	111.5
1992	6	90.1
1992	7	50.6
1992	8	32.7
1992	9	51.8
1992	10	98.2
1992	11	139.7
1992	12	90.5
1993	1	42
1993	2	20.5
1993	3	19.1
1993	4	33.2
1993	5	81
1993	6	176.4
1993	7	100.1
1993	8	97
1993	9	75
1993	10	102
1993	11	105.4
1993	12	79.7
1994	1	35.8
1994	2	22.1
1994	3	16.4
1994	4	35.4
1994	5	32
1994	6	72.9
1994	7	95.6
1994	8	47.2
1994	9	93.9
1994	10	109.2
1994	11	91.7
1994	12	61.3
1995	1	25.5
1995	2	16.7
1995	3	15.8
1995	4	20.6
1995	5	19.4
1995	6	100.6
1995	7	81.3
1995	8	54.1
1995	9	78.4
1995	10	92.9
1995	11	121.8
1995	12	61.8
1996	1	22.4
1996	2	18.8
1996	3	20.4
1996	4	25.2
1996	5	20.7
1996	6	55
1996	7	29.5
1996	8	39.8
1996	9	42.5
1996	10	44.4
1996	11	34.5
1996	12	17
1997	1	7.8
1997	2	9.6
1997	3	6.2
1997	4	38.8
1997	5	58.4
1997	6	129.3
1997	7	78.2
1997	8	112.5
1997	9	107.3
1997	10	87.5
1997	11	96.5
1997	12	59
1998	1	29.7
1998	2	17.9
1998	3	8.9
1998	4	14.6
1998	5	18.4
1998	6	20.5
1998	7	21
1998	8	20.7
1998	9	28.2
1998	10	39.9
1998	11	23.8
1998	12	17.1
1999	1	12.4
1999	2	11.7
1999	3	9.3
1999	4	10.9
1999	5	28.6
1999	6	44.9
1999	7	31.2
1999	8	68.7
1999	9	70
1999	10	113.9
1999	11	102.3
1999	12	44.9
2000	1	22.6
2000	2	26.8
2000	3	14.4
2000	4	14.45
2000	5	16.54
2000	6	106.16
2000	7	86.21
2000	8	85.35
2000	9	73.02
2000	10	113.18
2000	11	122.72
2000	12	88.47
2001	1	44.02
2001	2	23.07
2001	3	17.66
2001	4	16.89
2001	5	96.5
2001	6	102.42
2001	7	166.34
2001	8	91.08
2001	9	64.54
2001	10	95.41
2001	11	82.76
2001	12	47.56
2002	1	24.99
2002	2	26.18
2002	3	41.02
2002	4	29.07
2002	5	51.03
2002	6	49.24
2002	7	44.59
2002	8	113.91
2002	9	86.8
2002	10	170.62
2002	11	147.46
2002	12	115.5
2003	1	48.4
2003	2	17.74
2003	3	12.34
2003	4	9.68
2003	5	11.99
2003	6	129.05
2003	7	78.43
2003	8	43.21
2003	9	55.94
2003	10	61.52
2003	11	56.28
2003	12	35.12
2004	1	21.39
2004	2	13.97
2004	3	13.35
2004	4	44.13
2004	5	24.3
2004	6	76.5
2004	7	74.67
2004	8	43.62
2004	9	67.22
2004	10	67.32
2004	11	78.54
2004	12	43.68
2005	1	20.8
2005	2	16.11
2005	3	14.16
2005	4	13.56
2005	5	49.11
2005	6	98.92
2005	7	90.67
2005	8	111.77
2005	9	64.17
2005	10	95.18
2005	11	127.21
2005	12	78.23
2006	1	40.15
2006	2	21.85
2006	3	14.96
2006	4	33.61
2006	5	34.23
2006	6	135.62
2006	7	161.98
2006	8	63.27
2006	9	81.1
2006	10	97.27
2006	11	91.5
2006	12	75.4
2007	1	38.8
2007	2	24.7
2007	3	23.9
2007	4	20.9
2007	5	17.3
2007	6	20.8
2007	7	43.9
2007	8	25.4
2007	9	34.6
2007	10	69.7
2007	11	75.2
2007	12	35.8
2008	1	22.7
2008	2	20.4
2008	3	5.9
2008	4	12.8
2008	5	118.6
2008	6	55.1
2008	7	52.4
2008	8	79.8
2008	9	61
2008	10	70.4
2008	11	72.2
2008	12	32.2
2009	1	18
2009	2	15.1
2009	3	12.9
2009	4	14.7
2009	5	74.7
2009	6	69.8
2009	7	66.9
2009	8	71.4
2009	9	68.1
2009	10	95.2
2009	11	92.5
2009	12	57.4
2010	1	30.1
2010	2	20.9
2010	3	15.6
