1974	4	28.14947083
1974	5	36.29330171
1974	6	60.3934907
1974	7	55.64986955
1974	8	-3.614489842
1974	9	-22.84834404
1974	10	-8.755299798
1974	11	-6.49861611
1974	12	2.056619204
1975	1	28.66834228
1975	2	16.73790609
1975	3	35.87263065
1975	4	21.26466288
1975	5	4.844195912
1975	6	-20.73517558
1975	7	37.08456897
1975	8	11.99877226
1975	9	-32.7959789
1975	10	-8.303803886
1975	11	20.77828223
1975	12	8.956049129
1976	1	8.474755476
1976	2	72.38781376
1976	3	38.19555839
1976	4	6.799706636
1976	5	-8.848489276
1976	6	22.93968496
1976	7	-12.11728915
1976	8	-46.7119488
1976	9	-59.22323889
1976	10	-24.16192573
1976	11	-7.593892721
1976	12	-21.73005418
1977	1	4.832035836
1977	2	14.96566544
1977	3	7.738526816
1977	4	-5.341286672
1977	5	-11.19075727
1977	6	-61.60913361
1977	7	3.513684597
1977	8	7.762127792
1977	9	-3.03290664
1977	10	-12.40551545
1977	11	-1.604906232
1977	12	-25.6728849
1978	1	-9.063243721
1978	2	85.81428553
1978	3	19.75964129
1978	4	1.914880536
1978	5	-1.261312244
1978	6	-9.601357446
1978	7	37.50849469
1978	8	-0.869092957
1978	9	-27.06244241
1978	10	3.692941694
1978	11	14.61264539
1978	12	16.77274646
1979	1	35.71614561
1979	2	17.65420885
1979	3	13.31265391
1979	4	16.88824209
1979	5	38.79148652
1979	6	9.726770047
1979	7	30.7959769
1979	8	6.685804338
1979	9	34.4410881
1979	10	-19.82501401
1979	11	-2.508337803
1979	12	21.86131378
1980	1	17.44057569
1980	2	37.3032457
1980	3	89.71308509
1980	4	42.33850552
1980	5	13.00058005
1980	6	-25.02815819
1980	7	48.59669255
1980	8	45.54849353
1980	9	-17.25346249
1980	10	9.693098426
1980	11	-4.498727456
1980	12	53.50365276
1981	1	60.18988246
1981	2	24.4160174
1981	3	38.27931897
1981	4	70.20986956
1981	5	95.38877561
1981	6	-7.538449696
1981	7	101.7256647
1981	8	37.5976039
1981	9	-25.45701044
1981	10	5.249664351
1981	11	0.631429361
1981	12	33.2545778
1982	1	50.72582827
1982	2	-37.65245358
1982	3	35.68793776
1982	4	48.38057933
1982	5	79.79866073
1982	6	67.44732757
1982	7	78.09606549
1982	8	35.78745675
1982	9	2.656541471
1982	10	33.67886948
1982	11	33.82743358
1982	12	41.40636342
1983	1	66.53489736
1983	2	170.3449175
1983	3	71.14739657
1983	4	77.80599557
1983	5	100.5972239
1983	6	109.1138534
1983	7	103.7172109
1983	8	28.0000494
1983	9	-40.00079496
1983	10	3.589625507
1983	11	6.279426817
1983	12	39.92193853
1984	1	41.48721659
1984	2	-57.88808914
1984	3	2.838710589
1984	4	17.39258637
1984	5	32.92955848
1984	6	30.63174722
1984	7	102.6716624
1984	8	18.75861865
1984	9	-7.676610985
1984	10	1.153447498
1984	11	1.01432482
1984	12	12.74803005
1985	1	25.00172203
1985	2	75.73469181
1985	3	15.03970855
1985	4	25.5428564
1985	5	39.50957044
1985	6	16.63521043
1985	7	57.35477698
1985	8	-14.03620151
1985	9	-47.07142693
1985	10	-23.67419895
1985	11	-6.62058031
1985	12	-22.41505681
1986	1	-4.414328938
1986	2	-57.68951049
1986	3	-17.95130455
1986	4	-0.190698962
1986	5	21.55915833
1986	6	-23.01189292
1986	7	-4.419083064
1986	8	25.50299813
1986	9	12.54128148
1986	10	18.96388731
1986	11	14.08720297
1986	12	40.1128417
1987	1	24.69464545
1987	2	-33.70175545
1987	3	-16.89740223
1987	4	-2.821341069
1987	5	-0.370100473
1987	6	21.62489391
1987	7	36.44500258
1987	8	29.44819059
1987	9	9.340592516
1987	10	20.28166938
1987	11	23.81574674
1987	12	24.10954845
1988	1	7.098267573
1988	2	-40.1556492
1988	3	-7.856867198
1988	4	22.8711944
1988	5	5.087450935
1988	6	4.14156511
1988	7	1.688137969
1988	8	-26.338253
1988	9	-27.82817733
1988	10	-27.86685299
1988	11	-13.28016852
1988	12	-40.78356899
1989	1	-38.52801959
1989	2	-11.43083744
1989	3	-16.23006997
1989	4	-32.32790799
1989	5	-46.01513734
1989	6	-31.58273838
1989	7	-23.88719552
1989	8	-1.750815048
1989	9	11.20968452
1989	10	10.19411592
1989	11	3.681848672
1989	12	-15.40873317
1990	1	-28.88339909
1990	2	11.59125289
1990	3	-6.054308618
1990	4	5.52913459
1990	5	-12.77885832
1990	6	-52.3111168
1990	7	-29.49958856
1990	8	1.35133841
1990	9	22.68978205
1990	10	0.418633794
1990	11	-32.38552767
1990	12	-28.77512694
1991	1	-22.08399539
1991	2	2.423220695
1991	3	-1.203629754
1991	4	-4.587105516
1991	5	-22.56414171
1991	6	-114.4166696
1991	7	-13.96464375
1991	8	8.171909054
1991	9	9.954584529
1991	10	1.041894608
1991	11	6.525319826
1991	12	11.28782925
1992	1	12.0331604
1992	2	52.24644108
1992	3	-6.894489142
1992	4	-21.97679668
1992	5	19.9710463
1992	6	-36.18117203
1992	7	15.2464245
1992	8	-19.26083333
1992	9	4.744612304
1992	10	18.54443883
1992	11	15.05910423
1992	12	8.926969556
1993	1	13.99998826
1993	2	44.91165266
1993	3	-4.21832953
1993	4	14.40600995
1993	5	40.90392242
1993	6	11.79168985
1993	7	3.145571074
1993	8	29.70825549
1993	9	23.60481409
1993	10	9.550463973
1993	11	-17.76712041
1993	12	20.87435357
1994	1	-1.819402168
1994	2	-14.69039732
1994	3	13.67107615
1994	4	9.662592025
1994	5	-2.876773718
1994	6	57.2892415
1994	7	70.56574829
1994	8	43.36507988
1994	9	4.032078565
1994	10	29.72873526
1994	11	32.79206007
1994	12	51.09674903
1995	1	10.16194011
1995	2	-58.25358498
1995	3	-24.97782695
1995	4	-14.74362232
1995	5	9.924044631
1995	6	48.91005875
1995	7	33.66498667
1995	8	21.17386642
1995	9	9.640732411
1995	10	18.66246523
1995	11	24.62299486
1995	12	30.72674167
1996	1	-12.48693796
1996	2	-74.89734383
1996	3	-26.64890275
1996	4	-26.45151189
1996	5	-31.33833273
1996	6	-8.450652848
1996	7	-34.67923504
1996	8	-61.73476424
1996	9	-49.24979492
1996	10	-62.56700604
1996	11	-55.99571801
1996	12	-52.38759849
1997	1	-53.03835174
1997	2	-63.89512932
1997	3	-45.16749329
1997	4	-48.79703884
1997	5	-65.10931189
1997	6	-44.45701889
1997	7	-70.63079183
1997	8	6.759221904
1997	9	38.12635332
1997	10	10.03143943
1997	11	11.3664582
1997	12	1.963901418
1998	1	6.822704193
1998	2	3.670911409
1998	3	-36.64591457
1998	4	-49.97576108
1998	5	-55.3566686
1998	6	-20.88197347
1998	7	-31.94885011
1998	8	-54.65002324
1998	9	-25.22180496
1998	10	-22.62631625
1998	11	-26.2903668
1998	12	-26.0193657
1999	1	-20.86407743
1999	2	14.33228055
1999	3	2.809662289
1999	4	-10.3738999
1999	5	-6.836391531
1999	6	-23.63855397
1999	7	-21.06408049
1999	8	2.42386033
1999	9	22.79625785
1999	10	3.717244747
1999	11	2.154069033
1999	12	-30.91058295
2000	1	-35.76124583
2000	2	33.00547199
2000	3	29.95445846
2000	4	-4.841902512
2000	5	-14.07893244
2000	6	10.02290659
2000	7	-33.14184486
2000	8	12.07274987
2000	9	28.40878675
2000	10	14.61668191
2000	11	14.12084853
2000	12	3.91443635
2001	1	28.25511261
2001	2	100.98809
2001	3	34.43605987
2001	4	9.688713301
2001	5	24.69321798
2001	6	-8.110266535
2001	7	34.91995745
2001	8	30.24419481
2001	9	25.75063565
2001	10	28.89666738
2001	11	19.2952267
2001	12	29.4082005
2002	1	-0.471119669
2002	2	-44.99913377
2002	3	21.91272382
2002	4	14.41915029
2002	5	23.68823268
2002	6	33.82501658
2002	7	61.25663342
2002	8	40.14422744
2002	9	35.06710654
2002	10	30.17238107
2002	11	29.99567815
2002	12	33.73751265
2003	1	32.14803555
2003	2	36.15355117
2003	3	-9.872061516
2003	4	-3.979967768
2003	5	16.02544363
2003	6	78.06986209
2003	7	30.99671661
2003	8	7.038596808
2003	9	-29.20527719
2003	10	-4.394392184
2003	11	-12.02793304
2003	12	-12.12584212
2004	1	3.425610274
2004	2	-50.41919309
2004	3	-26.76890079
2004	4	-5.005774392
2004	5	-46.54971538
2004	6	24.12460157
2004	7	26.84466686
2004	8	-15.11112185
2004	9	9.854580036
2004	10	19.80511335
2004	11	23.60669059
2004	12	11.41575193
2005	1	-29.12900761
2005	2	-44.73215904
2005	3	-5.466443323
2005	4	-7.820976305
2005	5	11.87100416
2005	6	21.48756968
2005	7	15.42250199
2005	8	28.59763438
2005	9	35.62721278
2005	10	25.08320655
2005	11	26.0969248
2005	12	24.90646955
2006	1	34.488236
2006	2	41.00903562
2006	3	-6.268196187
2006	4	4.358233228
2006	5	-26.6335449
2006	6	46.80460266
2006	7	24.82811774
2006	8	33.93909419
2006	9	14.84744123
2006	10	32.73271155
2006	11	32.19819486
2006	12	38.9752527
2007	1	-5.395626284
2007	2	-9.918293293
2007	3	-7.894136719
2007	4	-14.24647215
2007	5	-15.68254594
2007	6	17.8220439
2007	7	64.67154319
2007	8	3.813611163
2007	9	-20.30107466
2007	10	14.64646248
2007	11	8.443549268
2007	12	3.375197413
2008	1	-5.86426356
2008	2	-21.27936821
2008	3	-2.298807476
