1980 1 17.27838709677423
1980 2 16.12261494252877
1980 3 16.161774193548425
1980 4 9.872277777777803
1980 5 8.687715053763462
1980 6 6.600444444444459
1980 7 5.994731182795713
1980 8 7.186908602150555
1980 9 8.505111111111129
1980 10 10.10704301075271
1980 11 11.645277777777803
1980 12 15.073064516129065
1981 1 15.558602150537665
1981 2 16.229732142857166
1981 3 15.387258064516153
1981 4 11.983361111111135
1981 5 8.935967741935505
1981 6 6.4618055555555705
1981 7 7.117338709677434
1981 8 7.0911290322580856
1981 9 7.779472222222235
1981 10 9.827956989247328
1981 11 11.805805555555573
1981 12 14.445376344086048
1982 1 16.666182795698955
1982 2 15.227053571428595
1982 3 14.991155913978524
1982 4 12.755805555555577
1982 5 9.088790322580667
1982 6 5.211194444444457
1982 7 6.3841397849462505
1982 8 7.246209677419368
1982 9 8.907305555555574
1982 10 9.11470430107529
1982 11 10.886944444444461
1982 12 15.806505376344118
1983 1 17.397258064516162
1983 2 16.316130952380988
1983 3 14.461801075268838
1983 4 11.35213888888891
1983 5 7.157016129032274
1983 6 4.245472222222234
1983 7 4.941263440860228
1983 8 6.844005376344104
1983 9 6.918222222222241
1983 10 11.060779569892498
1983 11 14.243444444444467
1983 12 16.504731182795727
1984 1 16.580645161290363
1984 2 15.061149425287379
1984 3 15.0755107526882
1984 4 11.345833333333353
1984 5 6.179704301075285
1984 6 3.9551666666666776
1984 7 5.3561559139785055
1984 8 5.711747311827971
1984 9 8.306555555555574
1984 10 9.352446236559157
1984 11 11.168972222222244
1984 12 14.320053763440885
1985 1 15.898924731182822
1985 2 15.967321428571463
1985 3 14.52588709677422
1985 4 9.963500000000018
1985 5 8.679973118279591
1985 6 8.674333333333358
1985 7 6.485349462365603
1985 8 6.592903225806465
1985 9 8.624527777777798
1985 10 9.57040322580647
1985 11 13.902500000000025
1985 12 15.25637096774197
1986 1 15.492795698924759
1986 2 16.048869047619085
1986 3 14.048521505376371
1986 4 10.955333333333357
1986 5 8.443844086021526
1986 6 6.254361111111127
1986 7 7.44370967741937
1986 8 6.947016129032276
1986 9 8.105638888888908
1986 10 11.803629032258089
1986 11 11.028027777777801
1986 12 15.625537634408637
1987 1 16.998118279569926
1987 2 17.84907738095242
1987 3 16.078198924731215
1987 4 11.693638888888907
1987 5 7.172446236559157
1987 6 7.289750000000017
1987 7 6.401612903225822
1987 8 6.2840053763440995
1987 9 7.762000000000013
1987 10 10.634543010752706
1987 11 13.941888888888917
1987 12 14.534650537634436
1988 1 15.736370967741964
1988 2 18.176350574712686
1988 3 14.6040860215054
1988 4 11.864944444444466
1988 5 8.33473118279572
1988 6 6.388333333333348
1988 7 4.848494623655922
1988 8 5.343951612903238
1988 9 7.3749166666666826
1988 10 9.079274193548407
1988 11 13.038222222222249
1988 12 14.857150537634434
1989 1 17.299327956989284
1989 2 17.65589285714289
1989 3 14.325241935483898
1989 4 11.759833333333352
1989 5 8.947553763440881
1989 6 7.769027777777797
1989 7 6.239865591397867
1989 8 5.786344086021518
1989 9 8.297805555555573
1989 10 10.79376344086024
1989 11 13.531250000000023
1989 12 14.631075268817233
1990 1 16.634139784946267
1990 2 16.81145833333337
1990 3 13.987365591397872
1990 4 11.061527777777798
1990 5 7.8664516129032425
1990 6 7.210027777777799
1990 7 5.897634408602163
1990 8 8.190725806451631
1990 9 8.415250000000018
1990 10 10.009865591397864
1990 11 12.320388888888912
1990 12 14.713279569892501
1991 1 15.50005376344089
1991 2 16.62952380952385
1991 3 15.368817204301111
1991 4 12.020611111111128
1991 5 9.218091397849479
1991 6 7.047194444444457
1991 7 5.448037634408617
1991 8 6.293198924731198
1991 9 8.472055555555574
1991 10 9.92279569892475
1991 11 12.398611111111135
1991 12 12.970510752688202
1992 1 17.568709677419392
1992 2 15.441350574712672
1992 3 15.874973118279595
1992 4 10.255833333333356
1992 5 6.907446236559156
1992 6 5.209638888888903
1992 7 4.347311827956999
1992 8 7.177069892473133
1992 9 8.248166666666686
1992 10 9.32486559139787
1992 11 12.977055555555582
1992 12 13.96319892473121
1993 1 16.605322580645204
1993 2 17.623482142857178
1993 3 15.788682795698953
1993 4 11.599111111111133
1993 5 6.384247311827972
1993 6 6.910333333333351
1993 7 4.8882795698924815
1993 8 7.406129032258085
1993 9 7.778166666666684
1993 10 10.358817204301099
1993 11 11.323083333333356
1993 12 14.409919354838735
1994 1 16.793655913978526
1994 2 15.885654761904794
1994 3 15.832473118279603
1994 4 11.44533333333336
1994 5 8.787903225806476
1994 6 7.037861111111128
1994 7 5.8384677419354984
1994 8 6.158225806451629
1994 9 9.243000000000018
1994 10 9.881989247311845
1994 11 12.516138888888918
1994 12 15.165752688172075
1995 1 15.755618279569921
1995 2 15.88898809523813
1995 3 14.227365591397874
1995 4 11.908972222222248
1995 5 10.044462365591416
1995 6 6.458055555555571
1995 7 3.2938172043010807
1995 8 4.660752688172055
1995 9 8.485250000000022
1995 10 9.648602150537657
1995 11 12.85694444444447
1995 12 17.287607526881757
1996 1 15.596854838709707
1996 2 15.62614942528738
1996 3 15.410241935483905
1996 4 10.298305555555572
1996 5 8.733010752688191
1996 6 6.203722222222239
1996 7 7.299327956989265
1996 8 6.95685483870969
1996 9 9.019361111111131
1996 10 10.160510752688195
1996 11 13.017833333333355
1996 12 14.85529569892476
1997 1 16.29228494623659
1997 2 16.118452380952412
1997 3 16.471612903225843
1997 4 13.279111111111137
1997 5 10.230053763440885
1997 6 6.127277777777791
1997 7 6.903145161290337
1997 8 7.968763440860232
1997 9 8.441527777777797
1997 10 8.527634408602168
1997 11 11.538361111111135
1997 12 14.419919354838735
1998 1 16.319354838709707
1998 2 16.721101190476222
1998 3 14.576666666666695
1998 4 11.22013888888891
1998 5 9.974112903225826
1998 6 6.930777777777794
1998 7 6.534677419354854
1998 8 5.936155913978504
1998 9 7.627777777777793
1998 10 12.038306451612923
1998 11 12.549138888888914
1998 12 15.70142473118283
1999 1 17.52258064516133
1999 2 16.95410714285718
1999 3 13.71244623655916
1999 4 11.699416666666687
1999 5 9.462446236559156
1999 6 6.554694444444463
1999 7 5.221532258064527
1999 8 6.991102150537649
1999 9 7.741750000000016
1999 10 10.88349462365594
1999 11 12.842916666666687
1999 12 14.865268817204328
2000 1 15.9049731182796
2000 2 15.015488505747154
2000 3 13.626559139784968
2000 4 11.765194444444466
2000 5 8.309731182795716
2000 6 5.9752222222222375
2000 7 4.834327956989259
2000 8 6.304086021505389
2000 9 7.308500000000021
2000 10 10.560134408602169
2000 11 11.64872222222224
2000 12 14.982903225806481
2001 1 15.591209677419387
2001 2 16.89464285714289
2001 3 15.005806451612928
2001 4 10.864583333333355
2001 5 7.876881720430125
2001 6 6.382444444444455
2001 7 6.102849462365607
2001 8 7.207661290322601
2001 9 7.789638888888902
2001 10 11.399274193548411
2001 11 11.335000000000017
2001 12 17.35725806451616
2002 1 17.140134408602183
2002 2 17.24273809523813
2002 3 13.767580645161317
2002 4 10.208055555555573
2002 5 8.221129032258078
2002 6 5.245444444444455
2002 7 6.092069892473131
2002 8 6.801612903225826
2002 9 7.454750000000014
2002 10 9.428763440860237
2002 11 11.595472222222245
2002 12 14.54599462365594
2003 1 16.590860215053798
2003 2 15.47098214285717
2003 3 16.401774193548416
2003 4 11.341388888888906
2003 5 8.440618279569911
2003 6 7.871861111111127
2003 7 5.197150537634421
2003 8 6.998252688172055
2003 9 8.431250000000018
2003 10 10.96833333333335
2003 11 12.857388888888913
2003 12 13.079569892473138
2004 1 17.770215053763476
2004 2 17.268189655172453
2004 3 15.736989247311858
2004 4 11.03130555555558
2004 5 9.330940860215069
2004 6 6.692305555555569
2004 7 6.093655913978507
2004 8 7.233924731182811
2004 9 8.72561111111113
2004 10 9.363629032258082
2004 11 12.181638888888918
2004 12 14.583037634408623
2005 1 15.881478494623686
2005 2 18.096101190476233
2005 3 14.407419354838739
2005 4 11.29397222222224
2005 5 6.489677419354851
2005 6 6.444861111111132
2005 7 6.690725806451629
2005 8 6.574811827957005
2005 9 7.485527777777798
2005 10 9.709435483870983
2005 11 12.7400277777778
2005 12 14.74575268817207
2006 1 16.823145161290352
2006 2 17.51857142857147
2006 3 13.811559139784963
2006 4 11.951638888888905
2006 5 9.499139784946253
2006 6 7.37597222222224
2006 7 6.4986559139785065
2006 8 6.909193548387114
2006 9 8.41763888888891
2006 10 9.54309139784948
2006 11 12.276250000000017
2006 12 14.004543010752714
2007 1 16.943118279569916
2007 2 14.99687500000003
2007 3 14.93768817204304
2007 4 10.866222222222243
2007 5 7.699919354838727
2007 6 4.629250000000013
2007 7 3.9665860215053845
2007 8 3.662580645161299
2007 9 7.599638888888904
2007 10 9.217795698924752
2007 11 12.042611111111134
2007 12 14.79091397849465
2008 1 17.619381720430148
2008 2 18.17235632183912
2008 3 15.25610215053766
2008 4 11.135250000000022
2008 5 8.526827956989266
2008 6 5.930055555555571
2008 7 6.300215053763455
2008 8 5.3790322580645284
2008 9 8.68972222222224
2008 10 10.088091397849482
2008 11 13.965416666666702
2008 12 16.50419354838714
2009 1 17.786451612903264
2009 2 16.477529761904798
2009 3 16.281747311827985
2009 4 13.860000000000024
2009 5 9.432096774193564
2009 6 6.716750000000013
2009 7 5.028145161290333
2009 8 6.514059139784961
2009 9 7.03525000000002
2009 10 9.558467741935509
2009 11 9.53208333333335
2009 12 13.781478494623677
2010 1 16.671129032258097
2010 2 15.353928571428602
2010 3 15.588924731182829
2010 4 11.114444444444468
2010 5 8.765752688172064
2010 6 6.357888888888904
2010 7 3.3113978494623724
2010 8 5.45948924731184
2010 9 7.336027777777793
2010 10 9.808924731182811
2010 11 12.244611111111142
2010 12 13.615860215053795
