;Año	Mes	Diguillin
1980	4	10.02
1980	5	9.35
1980	6	8.26
1980	7	7.65
1980	8	8.22
1980	9	9.36
1980	10	11.12
1980	11	12.74
1980	12	15.57
1981	1	15.91
1981	2	17.11
1981	3	16.16
1981	4	12.46
1981	5	9.37
1981	6	7.73
1981	7	7.34
1981	8	7.98
1981	9	8.91
1981	10	10.48
1981	11	13.02
1981	12	15.85
1982	1	17.68
1982	2	15.84
1982	3	15.57
1982	4	13.01
1982	5	10.15
1982	6	6.65
1982	7	7.25
1982	8	8.83
1982	9	9.29
1982	10	8.84
1982	11	11.85
1982	12	17.29
1983	1	18.63
1983	2	17.44
1983	3	15.03
1983	4	11.85
1983	5	7.94
1983	6	5.82
1983	7	6.12
1983	8	8.19
1983	9	7.93
1983	10	12.06
1983	11	15.5
1983	12	18.19
1984	1	17.73
1984	2	16.05
1984	3	15.25
1984	4	12.35
1984	5	7.21
1984	6	5.09
1984	7	6.98
1984	8	6.99
1984	9	9.41
1984	10	10.4
1984	11	12.11
1984	12	15.66
1985	1	16.99
1985	2	17.12
1985	3	15.07
1985	4	10.07
1985	5	10.15
1985	6	9.94
1985	7	7.12
1985	8	7.73
1985	9	9.44
1985	10	10.2
1985	11	14.47
1985	12	16.05
1986	1	16.75
1986	2	16.79
1986	3	14.59
1986	4	10.91
1986	5	9.01
1986	6	6.98
1986	7	8.92
1986	8	7.88
1986	9	9.21
1986	10	13.69
1986	11	11.73
1986	12	16.28
1987	1	18.38
1987	2	19.02
1987	3	17.07
1987	4	12.22
1987	5	7.9
1987	6	8.34
1987	7	7.15
1987	8	7.7
1987	9	8.74
1987	10	11.49
1987	11	15.11
1987	12	16.3
1988	1	16.68
1988	2	19.49
1988	3	15.27
1988	4	12.5
1988	5	8.48
1988	6	7.13
1988	7	7.02
1988	8	6.37
1988	9	7.76
1988	10	9.25
1988	11	13.68
1988	12	15.07
1989	1	17.96
1989	2	18.17
1989	3	14.72
1989	4	12.25
1989	5	9.56
1989	6	8.18
1989	7	6.67
1989	8	6.26
1989	9	9.18
1989	10	11.04
1989	11	13.79
1989	12	14.66
1990	1	17.25
1990	2	17.15
1990	3	15.28
1990	4	11.49
1990	5	8.42
1990	6	8.24
1990	7	6.51
1990	8	9.11
1990	9	9.18
1990	10	10.12
1990	11	12.5
1990	12	15.46
1991	1	16.79
1991	2	17.9
1991	3	15.38
1991	4	12.11
1991	5	9.95
1991	6	7.99
1991	7	6.78
1991	8	7.92
1991	9	9.6
1991	10	11
1991	11	13.21
1991	12	13.52
1992	1	19.33
1992	2	16.26
1992	3	16.34
1992	4	10.57
1992	5	7.84
1992	6	5.79
1992	7	5.54
1992	8	9.33
1992	9	9.7
1992	10	9.91
1992	11	13.35
1992	12	14.1
1993	1	17.81
1993	2	18.56
1993	3	17.22
1993	4	12.02
1993	5	7.1
1993	6	8.21
1993	7	7.09
1993	8	8.86
1993	9	8.7
1993	10	11.12
1993	11	12.09
1993	12	15.78
1994	1	18.52
1994	2	17.25
1994	3	17.11
1994	4	12.31
1994	5	9.76
1994	6	8.06
1994	7	6.92
1994	8	6.55
1994	9	9.8
1994	10	10.63
1994	11	13.46
1994	12	16.64
1995	1	17.1
1995	2	16.88
1995	3	15.13
1995	4	12.89
1995	5	11.71
1995	6	7.73
1995	7	4.76
1995	8	6.38
1995	9	9.95
1995	10	10.61
1995	11	13.66
1995	12	19.03
1996	1	16.88
1996	2	17.47
1996	3	15.38
1996	4	10.77
1996	5	9.59
1996	6	7.92
1996	7	9.41
1996	8	8.14
1996	9	10.52
1996	10	10.77
1996	11	14.3
1996	12	16.02
1997	1	17.36
1997	2	18.08
1997	3	17.32
1997	4	14.2
1997	5	10.75
1997	6	7
1997	7	8.21
1997	8	9.84
1997	9	9.03
1997	10	9.2
1997	11	12.56
1997	12	14.29
1998	1	15.96
1998	2	16.19
1998	3	15.63
1998	4	12.13
1998	5	11.1
1998	6	8.54
1998	7	7.82
1998	8	8.13
1998	9	9.08
1998	10	13.13
1998	11	14.05
1998	12	17.05
1999	1	18.41
1999	2	17.46
1999	3	14.89
1999	4	13.06
1999	5	11.2
1999	6	8.37
1999	7	7.61
1999	8	9.06
1999	9	8.89
1999	10	10.75
1999	11	14.12
1999	12	17.36
2000	1	17
2000	2	15.75
2000	3	14.39
2000	4	11.99
2000	5	9.44
2000	6	7.64
2000	7	6.27
2000	8	7.68
2000	9	8
2000	10	10.99
2000	11	13.43
2000	12	15.94
2001	1	17.55
2001	2	18.75
2001	3	16.25
2001	4	12.35
2001	5	9.39
2001	6	7.29
2001	7	7.57
2001	8	8.48
2001	9	8.35
2001	10	12.54
2001	11	13.65
2001	12	19.26
2002	1	18.2
2002	2	19.48
2002	3	15.52
2002	4	12.29
2002	5	10.66
2002	6	7.61
2002	7	8.35
2002	8	8.04
2002	9	8.32
2002	10	10.12
2002	11	12.01
2002	12	15.56
2003	1	17.31
2003	2	16.95
2003	3	18.37
2003	4	12.75
2003	5	8.8
2003	6	9.59
2003	7	6.8
2003	8	8.57
2003	9	9.26
2003	10	11.77
2003	11	13.24
2003	12	15.59
2004	1	19.28
2004	2	20.1
2004	3	17.88
2004	4	13.05
2004	5	9.14
2004	6	7.7
2004	7	7.39
2004	8	7.73
2004	9	10.68
2004	10	10.32
2004	11	13.09
2004	12	15.54
2005	1	18.15
2005	2	20.9
2005	3	15.32
2005	4	14.03
2005	5	7.08
2005	6	7.39
2005	7	8.55
2005	8	8.14
2005	9	9.61
2005	10	11.62
2005	11	15.32
2005	12	16.94
2006	1	18.83
2006	2	19.32
2006	3	15.44
2006	4	13.89
2006	5	10.69
2006	6	8.57
2006	7	7.43
2006	8	7.99
2006	9	9.53
2006	10	10.01
2006	11	12.75
2006	12	14.01
2007	1	18.03
2007	2	16.83
2007	3	15.82
2007	4	11.15
2007	5	8.9
2007	6	6.16
2007	7	4.35
2007	8	3.89
2007	9	7.5
2007	10	9.32
2007	11	14.71
2007	12	16.01
2008	1	19.28
2008	2	20.05
2008	3	16.72
2008	4	12.84
2008	5	10.84
2008	6	6.87
2008	7	7.23
2008	8	7.03
2008	9	9.74
2008	10	10.71
2008	11	13.78
2008	12	17.07
2009	1	19.20
2009	2	18.21
2009	3	17.48
2009	4	14.96
2009	5	9.59
2009	6	6.97
2009	7	3.86
2009	8	7.52
2009	9	7.6
2009	10	9.53
2009	11	8.98
2009	12	14.94
2010	1	18.49
2010	2	16.8
2010	3	17.1
2010	4	13.14
2010	5	8.83
2010	6	8.52
2010	7	4.93
2010	8	7.72
2010	9	9.36
2010	10	11.91
2010	11	14.87
2010	12	15.74
2011	1	18.05
2011	2	18.05
2011	3	15.4
2011	4	12.74
2011	5	11.44
2011	6	8.47
2011	7	4.98
2011	8	4.62
2011	9	7.83
2011	10	8.64
2011	11	11.42
2011	12	14.71
2012	1	20.63
2012	2	20.19
2012	3	18.84
2012	4	14
2012	5	12.29
2012	6	7.98
2012	7	5.62
2012	8	4.71
2012	9	7.29
2012	10	10.72
2012	11	15.13
2012	12	14.05
2013	1	20.47
2013	2	17.91
2013	3	15.76
2013	4	13.25
2013	5	9.52
2013	6	8.12
2013	7	8.1
2013	8	7.91
2013	9	8.78
2013	10	11.62
2013	11	13.94
2013	12	18.05
2014	1	18.66
2014	2	17.33
2014	3	14.7
2014	4	10.59
2014	5	8.82
2014	6	7.06
2014	7	6.61
2014	8	9.01
2014	9	8.58
2014	10	11.9
2014	11	13.3
2014	12	16.35
2015	1	20.05
2015	2	17.67
2015	3	15.9
2015	4	12.11
2015	5	8.89
2015	6	7.07
2015	7	6.79
2015	8	7.37
2015	9	8.52
2015	10	9.36
2015	11	11.85
2015	12	16.66
2016	1	18.51
2016	2	18.25
2016	3	16.92
2016	4	10.49
2016	5	9.31
2016	6	6.65
2016	7	6.49
2016	8	8.4
2016	9	11.91
2016	10	10.9
2016	11	13.41
2016	12	15.08
2017	1	19.58
2017	2	17.065
2017	3	14.55
2017	4	11.15
2017	5	7.92
2017	6	6.38
2017	7	7.42
2017	8	6.26
2017	9	8.94
2017	10	9.53
2017	11	13.22
2017	12	16.95
2018	1	18.53
2018	2	18.28
2018	3	13.8
2018	4	9.61
2018	5	9.3
2018	6	6.149776313
2018	7	7.012902813
2018	8	8.091810938
2018	9	11.54431694
2018	10	12.83900669
2018	11	16.29151269
2018	12	19.8519095
2019	1	21.14659925
2019	2	20.21
2019	3	18.25

