1980 4 408.0
1980 5 590.0
1980 6 405.1
1980 7 355.8
1980 8 242.7
1980 9 100.5
1980 10 0.6
1980 11 46.5
1980 12 74.5
1981 1 133.3
1981 2 29.5
1981 3 64.0
1981 4 171.8
1981 5 673.7
1981 6 257.0
1981 7 266.6
1981 8 108.8
1981 9 122.2
1981 10 76.7
1981 11 31.4
1981 12 22.2
1982 1 76.2
1982 2 66.8
1982 3 70.8
1982 4 38.4
1982 5 399.3
1982 6 632.0
1982 7 621.9
1982 8 276.9
1982 9 395.8
1982 10 327.5
1982 11 127.7
1982 12 1.2
1983 1 110.3
1983 2 18.6
1983 3 1.0
1983 4 146.5
1983 5 186.8
1983 6 498.6
1983 7 335.2
1983 8 166.6
1983 9 143.6
1983 10 84.3
1983 11 8.0
1983 12 18.8
1984 1 32.5
1984 2 101.3
1984 3 59.3
1984 4 84.3
1984 5 534.4
1984 6 341.7
1984 7 452.5
1984 8 149.0
1984 9 326.6
1984 10 301.6
1984 11 37.6
1984 12 19.9
1985 1 69.6
1985 2 17.7
1985 3 28.8
1985 4 206.7
1985 5 454.1
1985 6 226.9
1985 7 290.9
1985 8 117.3
1985 9 158.5
1985 10 244.1
1985 11 66.9
1985 12 0.3
1986 1 9.7
1986 2 45.5
1986 3 117.9
1986 4 192.5
1986 5 529.1
1986 6 575.7
1986 7 151.7
1986 8 369.8
1986 9 95.6
1986 10 145.9
1986 11 316.2
1986 12 26.4
1987 1 0.0
1987 2 12.0
1987 3 90.1
1987 4 76.0
1987 5 171.1
1987 6 262.9
1987 7 425.9
1987 8 352.3
1987 9 239.3
1987 10 193.4
1987 11 63.6
1987 12 55.6
1988 1 33.4
1988 2 0.0
1988 3 101.7
1988 4 121.0
1988 5 114.6
1988 6 342.5
1988 7 259.0
1988 8 353.6
1988 9 61.0
1988 10 113.0
1988 11 29.2
1988 12 49.4
1989 1 22.8
1989 2 0.0
1989 3 51.9
1989 4 7.6
1989 5 91.0
1989 6 462.0
1989 7 217.5
1989 8 265.7
1989 9 74.4
1989 10 74.6
1989 11 27.0
1989 12 114.2
1990 1 29.3
1990 2 47.1
1990 3 101.9
1990 4 177.8
1990 5 230.7
1990 6 218.8
1990 7 196.2
1990 8 303.1
1990 9 378.1
1990 10 50.0
1990 11 63.7
1990 12 8.5
1991 1 20.0
1991 2 10.4
1991 3 30.6
1991 4 268.0
1991 5 633.8
1991 6 267.5
1991 7 308.7
1991 8 147.9
1991 9 244.2
1991 10 130.7
1991 11 63.7
1991 12 191.2
1992 1 15.0
1992 2 9.0
1992 3 53.4
1992 4 218.8
1992 5 962.8
1992 6 493.0
1992 7 197.7
1992 8 148.1
1992 9 229.0
1992 10 216.1
1992 11 50.7
1992 12 89.6
1993 1 80.5
1993 2 1.0
1993 3 133.5
1993 4 223.7
1993 5 517.9
1993 6 703.8
1993 7 357.1
1993 8 295.5
1993 9 97.4
1993 10 182.1
1993 11 27.9
1993 12 89.0
1994 1 14.9
1994 2 4.0
1994 3 41.1
1994 4 261.2
1994 5 153.4
1994 6 543.4
1994 7 438.7
1994 8 69.7
1994 9 328.9
1994 10 221.2
1994 11 92.0
1994 12 93.4
1995 1 16.1
1995 2 17.5
1995 3 42.1
1995 4 197.1
1995 5 106.5
1995 6 593.0
1995 7 513.3
1995 8 304.3
1995 9 67.0
1995 10 105.7
1995 11 26.7
1995 12 0.0
1996 1 5.0
1996 2 35.0
1996 3 156.1
1996 4 186.0
1996 5 192.4
1996 6 236.0
1996 7 77.8
1996 8 253.7
1996 9 56.3
1996 10 96.5
1996 11 86.5
1996 12 24.8
1997 1 35.9
1997 2 56.9
1997 3 11.6
1997 4 336.0
1997 5 266.6
1997 6 562.2
1997 7 296.5
1997 8 200.1
1997 9 267.2
1997 10 239.0
1997 11 153.3
1997 12 47.5
1998 1 8.9
1998 2 18.0
1998 3 26.9
1998 4 130.4
1998 5 159.2
1998 6 138.9
1998 7 130.2
1998 8 161.6
1998 9 106.2
1998 10 2.9
1998 11 50.4
1998 12 38.8
1999 1 15.5
1999 2 42.7
1999 3 5.8
1999 4 63.8
1999 5 358.7
1999 6 535.6
1999 7 90.8
1999 8 338.3
1999 9 292.7
1999 10 40.6
1999 11 14.6
1999 12 9.2
2000 1 3.0
2000 2 359.7
2000 3 16.2
2000 4 90.5
2000 5 110.3
2000 6 780.6
2000 7 172.1
2000 8 355.8
2000 9 373.1
2000 10 77.6
2000 11 42.4
2000 12 83.6
2001 1 101.7
2001 2 10.5
2001 3 78.3
2001 4 114.4
2001 5 537.2
2001 6 438.3
2001 7 559.0
2001 8 212.1
2001 9 72.7
2001 10 84.9
2001 11 126.2
2001 12 13.1
2002 1 13.7
2002 2 201.2
2002 3 132.9
2002 4 149.5
2002 5 364.1
2002 6 356.2
2002 7 286.7
2002 8 393.6
2002 9 297.6
2002 10 472.6
2002 11 202.9
2002 12 45.5
2003 1 56.0
2003 2 0.0
2003 3 24.6
2003 4 77.2
2003 5 156.2
2003 6 569.8
2003 7 173.5
2003 8 131.2
2003 9 263.1
2003 10 161.0
2003 11 130.0
2003 12 40.8
2004 1 6.3
2004 2 20.1
2004 3 66.7
2004 4 273.2
2004 5 79.4
2004 6 410.1
2004 7 355.6
2004 8 181.8
2004 9 174.2
2004 10 223.7
2004 11 96.4
2004 12 67.8
2005 1 10.2
2005 2 0.0
2005 3 52.3
2005 4 64.5
2005 5 483.1
2005 6 603.5
2005 7 291.8
2005 8 419.0
2005 9 65.8
2005 10 64.6
2005 11 96.0
2005 12 92.4
2006 1 53.5
2006 2 11.3
2006 3 53.3
2006 4 137.0
2006 5 134.7
2006 6 477.5
2006 7 477.2
2006 8 274.1
2006 9 202.7
2006 10 253.3
2006 11 13.2
2006 12 171.6
2007 1 38.6
2007 2 95.1
2007 3 21.2
2007 4 176.6
2007 5 100.5
2007 6 309.3
2007 7 272.0
2007 8 158.3
2007 9 87.8
2007 10 101.1
2007 11 13.9
2007 12 82.3
2008 1 15.2
2008 2 11.3
2008 3 17.8
2008 4 126.84694579999999
2008 5 508.6896808999999
2008 6 211.07819139999998
2008 7 356.05988130000003
2008 8 366.3323978
2008 9 147.72615359999998
2008 10 102.6926824
2008 11 38.57395653
2008 12 22.75594834
2009 1 15.83252564
2009 2 28.23515132
2009 3 39.59670985
2009 4 98.09464504
2009 5 462.77281780000004
2009 6 373.358963
2009 7 232.9209862
2009 8 386.1231403
2009 9 114.0198617
2009 10 193.0287142
2009 11 199.978046
2009 12 18.72319635
2010 1 26.96237975
2010 2 57.37382748
2010 3 38.48134009
2010 4 52.89804596
2010 5 121.251871
2010 6 414.0770424
2010 7 310.3281184
2010 8 282.39844510000006
2010 9 57.16177325
2010 10 68.36946236
2010 11 83.43707405
2010 12 79.21447632
2011 1 73.10659242
2011 2 29.9292604
2011 3 90.53192876
2011 4 153.2788854
2011 5 91.78283946
2011 6 362.612545
2011 7 249.1416921
2011 8 408.7411317
2011 9 206.1730908
2011 10 72.28253305
2011 11 57.24113877
2011 12 15.138527900000001
2012 1 17.05112281
2012 2 75.67020554
2012 3 34.01986106
2012 4 64.49985153
2012 5 213.1998182
2012 6 378.38710360000005
2012 7 112.74929350000001
2012 8 166.2161842
2012 9 90.07364079999999
2012 10 82.00930875
2012 11 99.93845061
2012 12 184.155645
2013 1 13.15161188
2013 2 43.70801424
2013 3 53.53883181
2013 4 61.27152302
2013 5 342.6122707
2013 6 323.2747395
2013 7 209.2822747
2013 8 269.5874733
2013 9 179.957086
2013 10 143.5004195
2013 11 52.90952742
2013 12 15.138527900000001
2014 1 39.55455046
2014 2 53.08208448
2014 3 136.44798380000003
2014 4 135.9266197
2014 5 238.899555
2014 6 460.7105813
2014 7 339.245735
2014 8 283.8120695
2014 9 249.6394538
2014 10 43.99662209
2014 11 25.16658808
2014 12 47.57977731
2015 1 7.058626049
2015 2 2.258812106
2015 3 15.43036511
2015 4 85.48398681
2015 5 125.592271
2015 6 409.1474928
2015 7 390.3805212
2015 8 384.9745704
2015 9 208.44287480000003
2015 10 225.5631019
2015 11 70.0297056
2015 12 21.85978123
2016 1 15.58880621
2016 2 0.0
2016 3 45.45240107
2016 4 175.2718734
2016 5 71.33727107
2016 6 89.90986312
2016 7 339.8391755
2016 8 240.43146869999998
2016 9 64.53857115
2016 10 158.1727904
2016 11 135.1312761
2016 12 72.94130655
2017 1 45.64753629
2017 2 47.77387603
2017 3 40.34028968
2017 4 126.84694579999999
2017 5 151.29200780000002
2017 6 379.5701955
2017 7 241.0313392
2017 8 343.53770319999995
2017 9 193.9162574
2017 10 289.178451
2017 11 99.7321834
2017 12 59.94688344
2018 1 27.77477786
2018 2 34.44688461
2018 3 114.04764109999998
2018 4 176.7851524
2018 5 262.88597599999997
2018 6 297.4438997
2018 7 135.0033106
2018 8 173.195955
2018 9 330.4437631
2018 10 155.7986417
2018 11 196.8840379
2018 12 70.70088877
2019 1 73.10659242
2019 2 29.9292604
2019 3 90.53192876
2019 4 153.2788854
2019 5 91.78283946
2019 6 362.612545
2019 7 249.1416921
2019 8 408.7411317
2019 9 206.1730908
2019 10 72.28253305
2019 11 57.24113877
2019 12 15.138527900000001
2020 1 17.05112281
2020 2 75.67020554
2020 3 34.01986106
2020 4 64.49985153
2020 5 213.1998182
2020 6 378.38710360000005
2020 7 112.74929350000001
2020 8 166.2161842
2020 9 90.07364079999999
2020 10 82.00930875
2020 11 99.93845061
2020 12 184.155645
2021 1 13.15161188
2021 2 43.70801424
2021 3 53.53883181
2021 4 61.27152302
2021 5 342.6122707
2021 6 323.2747395
2021 7 209.2822747
2021 8 269.5874733
2021 9 179.957086
2021 10 143.5004195
2021 11 52.90952742
2021 12 15.138527900000001
2022 1 39.55455046
2022 2 53.08208448
2022 3 136.44798380000003
2022 4 135.9266197
2022 5 238.899555
2022 6 460.7105813
2022 7 339.245735
2022 8 283.8120695
2022 9 249.6394538
2022 10 43.99662209
2022 11 25.16658808
2022 12 47.57977731
2023 1 7.058626049
2023 2 2.258812106
2023 3 15.43036511
2023 4 85.48398681
2023 5 125.592271
2023 6 409.1474928
2023 7 390.3805212
2023 8 384.9745704
2023 9 208.44287480000003
2023 10 225.5631019
2023 11 70.0297056
2023 12 21.85978123
2024 1 15.58880621
2024 2 0.0
2024 3 45.45240107
2024 4 175.2718734
2024 5 71.33727107
2024 6 89.90986312
2024 7 339.8391755
2024 8 240.43146869999998
2024 9 64.53857115
2024 10 158.1727904
2024 11 135.1312761
2024 12 72.94130655
2025 1 45.64753629
2025 2 47.77387603
2025 3 40.34028968
2025 4 126.84694579999999
2025 5 151.29200780000002
2025 6 379.5701955
2025 7 241.0313392
2025 8 343.53770319999995
2025 9 193.9162574
2025 10 289.178451
2025 11 99.7321834
2025 12 59.94688344
2026 1 27.77477786
2026 2 34.44688461
2026 3 114.04764109999998
2026 4 176.7851524
2026 5 262.88597599999997
2026 6 297.4438997
2026 7 135.0033106
2026 8 173.195955
2026 9 330.4437631
2026 10 155.7986417
2026 11 196.8840379
2026 12 70.70088877
2027 1 73.10659242
2027 2 29.9292604
2027 3 90.53192876
2027 4 153.2788854
2027 5 91.78283946
2027 6 362.612545
2027 7 249.1416921
2027 8 408.7411317
2027 9 206.1730908
2027 10 72.28253305
2027 11 57.24113877
2027 12 15.138527900000001
2028 1 17.05112281
2028 2 75.67020554
2028 3 34.01986106
2028 4 64.49985153
2028 5 213.1998182
2028 6 378.38710360000005
2028 7 112.74929350000001
2028 8 166.2161842
2028 9 90.07364079999999
2028 10 82.00930875
2028 11 99.93845061
2028 12 184.155645
2029 1 13.15161188
2029 2 43.70801424
2029 3 53.53883181
2029 4 61.27152302
2029 5 342.6122707
2029 6 323.2747395
2029 7 209.2822747
2029 8 269.5874733
2029 9 179.957086
2029 10 143.5004195
2029 11 52.90952742
2029 12 15.138527900000001
2030 1 39.55455046
2030 2 53.08208448
2030 3 136.44798380000003
2030 4 135.9266197
2030 5 238.899555
2030 6 460.7105813
2030 7 339.245735
2030 8 283.8120695
2030 9 249.6394538
2030 10 43.99662209
2030 11 25.16658808
2030 12 47.57977731
2031 1 7.058626049
2031 2 2.258812106
2031 3 15.43036511
2031 4 85.48398681
2031 5 125.592271
2031 6 409.1474928
2031 7 390.3805212
2031 8 384.9745704
2031 9 208.44287480000003
2031 10 225.5631019
2031 11 70.0297056
2031 12 21.85978123
2032 1 15.58880621
2032 2 0.0
2032 3 45.45240107
2032 4 175.2718734
2032 5 71.33727107
2032 6 89.90986312
2032 7 339.8391755
2032 8 240.43146869999998
2032 9 64.53857115
2032 10 158.1727904
2032 11 135.1312761
2032 12 72.94130655
2033 1 45.64753629
2033 2 47.77387603
2033 3 40.34028968
2033 4 126.84694579999999
2033 5 151.29200780000002
2033 6 379.5701955
2033 7 241.0313392
2033 8 343.53770319999995
2033 9 193.9162574
2033 10 289.178451
2033 11 99.7321834
2033 12 59.94688344
2034 1 27.77477786
2034 2 34.44688461
2034 3 114.04764109999998
2034 4 176.7851524
2034 5 262.88597599999997
2034 6 297.4438997
2034 7 135.0033106
2034 8 173.195955
2034 9 330.4437631
2034 10 155.7986417
2034 11 196.8840379
2034 12 70.70088877
2035 1 
2035 2 
2035 3 
2035 4 
2035 5 
2035 6 
2035 7 
2035 8 
2035 9 
2035 10 
2035 11 
2035 12 
2036 1 
2036 2 
2036 3 
2036 4 
2036 5 
2036 6 
2036 7 
2036 8 
2036 9 
2036 10 
2036 11 
2036 12 
2037 1 
2037 2 
2037 3 
2037 4 
2037 5 
2037 6 
2037 7 
2037 8 
2037 9 
2037 10 
2037 11 
2037 12 
2038 1 
2038 2 
2038 3 
2038 4 
2038 5 
2038 6 
2038 7 
2038 8 
2038 9 
2038 10 
2038 11 
2038 12 
2039 1 
2039 2 
2039 3 
2039 4 
2039 5 
2039 6 
2039 7 
2039 8 
2039 9 
2039 10 
2039 11 
2039 12 
2040 1 
2040 2 
2040 3 
2040 4 
2040 5 
2040 6 
2040 7 
2040 8 
2040 9 
2040 10 
2040 11 
2040 12 
2041 1 
2041 2 
2041 3 
2041 4 
2041 5 
2041 6 
2041 7 
2041 8 
2041 9 
2041 10 
2041 11 
2041 12 
2042 1 
2042 2 
2042 3 
2042 4 
2042 5 
2042 6 
2042 7 
2042 8 
2042 9 
2042 10 
2042 11 
2042 12 
2043 1 
2043 2 
2043 3 
2043 4 
2043 5 
2043 6 
2043 7 
2043 8 
2043 9 
2043 10 
2043 11 
2043 12 
2044 1 
2044 2 
2044 3 
2044 4 
2044 5 
2044 6 
2044 7 
2044 8 
2044 9 
2044 10 
2044 11 
2044 12 
2045 1 
2045 2 
2045 3 
2045 4 
2045 5 
2045 6 
2045 7 
2045 8 
2045 9 
2045 10 
2045 11 
2045 12 
2046 1 
2046 2 
2046 3 
2046 4 
2046 5 
2046 6 
2046 7 
2046 8 
2046 9 
2046 10 
2046 11 
2046 12 
2047 1 
2047 2 
2047 3 
2047 4 
2047 5 
2047 6 
2047 7 
2047 8 
2047 9 
2047 10 
2047 11 
2047 12 
2048 1 
2048 2 
2048 3 
2048 4 
2048 5 
2048 6 
2048 7 
2048 8 
2048 9 
2048 10 
2048 11 
2048 12 
2049 1 
2049 2 
2049 3 
2049 4 
2049 5 
2049 6 
2049 7 
2049 8 
2049 9 
2049 10 
2049 11 
2049 12 
2050 1 
2050 2 
2050 3 
2050 4 
2050 5 
2050 6 
2050 7 
2050 8 
2050 9 
2050 10 
2050 11 
2050 12 
2051 1 
2051 2 
2051 3 
2051 4 
2051 5 
2051 6 
2051 7 
2051 8 
2051 9 
2051 10 
2051 11 
2051 12 
2052 1 
2052 2 
2052 3 
2052 4 
2052 5 
2052 6 
2052 7 
2052 8 
2052 9 
2052 10 
2052 11 
2052 12 
2053 1 
2053 2 
2053 3 
2053 4 
2053 5 
2053 6 
2053 7 
2053 8 
2053 9 
2053 10 
2053 11 
2053 12 
2054 1 
2054 2 
2054 3 
2054 4 
2054 5 
2054 6 
2054 7 
2054 8 
2054 9 
2054 10 
2054 11 
2054 12 
2055 1 
2055 2 
2055 3 
2055 4 
2055 5 
2055 6 
2055 7 
2055 8 
2055 9 
2055 10 
2055 11 
2055 12 
2056 1 
2056 2 
2056 3 
2056 4 
2056 5 
2056 6 
2056 7 
2056 8 
2056 9 
2056 10 
2056 11 
2056 12 
2057 1 
2057 2 
2057 3 
2057 4 
2057 5 
2057 6 
2057 7 
2057 8 
2057 9 
2057 10 
2057 11 
2057 12 
2058 1 
2058 2 
2058 3 
2058 4 
2058 5 
2058 6 
2058 7 
2058 8 
2058 9 
2058 10 
2058 11 
2058 12 
2059 1 
2059 2 
2059 3 
2059 4 
2059 5 
2059 6 
2059 7 
2059 8 
2059 9 
2059 10 
2059 11 
2059 12 
2060 1 
2060 2 
2060 3 
2060 4 
2060 5 
2060 6 
2060 7 
2060 8 
2060 9 
2060 10 
2060 11 
2060 12 
2061 1 
2061 2 
2061 3 
2061 4 
2061 5 
2061 6 
2061 7 
2061 8 
2061 9 
2061 10 
2061 11 
2061 12 
2062 1 
2062 2 
2062 3 
2062 4 
2062 5 
2062 6 
2062 7 
2062 8 
2062 9 
2062 10 
2062 11 
2062 12 
2063 1 
2063 2 
2063 3 
2063 4 
2063 5 
2063 6 
2063 7 
2063 8 
2063 9 
2063 10 
2063 11 
2063 12 
2064 1 
2064 2 
2064 3 
2064 4 
2064 5 
2064 6 
2064 7 
2064 8 
2064 9 
2064 10 
2064 11 
2064 12 
