1941	4	0
1941	5	0
1941	6	0
1941	7	0
1941	8	0
1941	9	0
1941	10	0
1941	11	0
1941	12	0
1942	1	0
1942	2	0
1942	3	0
1942	4	0
1942	5	0
1942	6	0
1942	7	0
1942	8	0
1942	9	0
1942	10	0
1942	11	0
1942	12	0
1943	1	0
1943	2	0
1943	3	0
1943	4	0
1943	5	0
1943	6	0
1943	7	0
1943	8	0
1943	9	0
1943	10	0
1943	11	0
1943	12	0
1944	1	0
1944	2	0
1944	3	0
1944	4	0
1944	5	0
1944	6	0
1944	7	0
1944	8	0
1944	9	0
1944	10	0
1944	11	0
1944	12	0
1945	1	0
1945	2	0
1945	3	0
1945	4	0
1945	5	0
1945	6	0
1945	7	0
1945	8	0
1945	9	0
1945	10	0
1945	11	0
1945	12	0
1946	1	0
1946	2	0
1946	3	0
1946	4	0
1946	5	0
1946	6	0
1946	7	0
1946	8	0
1946	9	0
1946	10	0
1946	11	0
1946	12	0
1947	1	0
1947	2	0
1947	3	0
1947	4	0
1947	5	0
1947	6	0
1947	7	0
1947	8	0
1947	9	0
1947	10	0
1947	11	0
1947	12	0
1948	1	0
1948	2	0
1948	3	0
1948	4	0
1948	5	0
1948	6	0
1948	7	0
1948	8	0
1948	9	0
1948	10	0
1948	11	0
1948	12	0
1949	1	0
1949	2	0
1949	3	0
1949	4	0
1949	5	0
1949	6	0
1949	7	0
1949	8	0
1949	9	0
1949	10	0
1949	11	0
1949	12	0
1950	1	0
1950	2	0
1950	3	0
1950	4	0
1950	5	0
1950	6	0
1950	7	0
1950	8	0
1950	9	0
1950	10	0
1950	11	0
1950	12	0
1951	1	0
1951	2	0
1951	3	0
1951	4	0
1951	5	0
1951	6	0
1951	7	0
1951	8	0
1951	9	0
1951	10	0
1951	11	0
1951	12	0
1952	1	0
1952	2	0
1952	3	0
1952	4	0
1952	5	0
1952	6	0
1952	7	0
1952	8	0
1952	9	0
1952	10	0
1952	11	0
1952	12	0
1953	1	0
1953	2	0
1953	3	0
1953	4	0
1953	5	0
1953	6	0
1953	7	0
1953	8	0
1953	9	0
1953	10	0
1953	11	0
1953	12	0
1954	1	0
1954	2	0
1954	3	0
1954	4	0
1954	5	0
1954	6	0
1954	7	0
1954	8	0
1954	9	0
1954	10	0
1954	11	0
1954	12	0
1955	1	0
1955	2	0
1955	3	0
1955	4	0
1955	5	0
1955	6	0
1955	7	0
1955	8	0
1955	9	0
1955	10	0
1955	11	0
1955	12	0
1956	1	0
1956	2	0
1956	3	0
1956	4	0
1956	5	0
1956	6	0
1956	7	0
1956	8	0
1956	9	0
1956	10	0
1956	11	0
1956	12	0
1957	1	0
1957	2	0
1957	3	0
1957	4	0
1957	5	0
1957	6	0
1957	7	0
1957	8	0
1957	9	0
1957	10	0
1957	11	0
1957	12	0
1958	1	0
1958	2	0
1958	3	0
1958	4	0
1958	5	0
1958	6	0
1958	7	0
1958	8	0
1958	9	0
1958	10	0
1958	11	0
1958	12	0
1959	1	0
1959	2	0
1959	3	0
1959	4	0
1959	5	0
1959	6	0
1959	7	0
1959	8	0
1959	9	0
1959	10	0
1959	11	0
1959	12	0
1960	1	0
1960	2	0
1960	3	0
1960	4	0
1960	5	0
1960	6	0
1960	7	0
1960	8	0
1960	9	0
1960	10	0
1960	11	0
1960	12	0
1961	1	0
1961	2	0
1961	3	0
1961	4	0
1961	5	0
1961	6	0
1961	7	0
1961	8	0
1961	9	0
1961	10	0
1961	11	0
1961	12	0
1962	1	0
1962	2	0
1962	3	0
1962	4	0
1962	5	0
1962	6	0
1962	7	0
1962	8	0
1962	9	0
1962	10	0
1962	11	0
1962	12	0
1963	1	0
1963	2	0
1963	3	0
1963	4	0
1963	5	0
1963	6	0
1963	7	0
1963	8	0
1963	9	0
1963	10	0
1963	11	0
1963	12	0
1964	1	0
1964	2	0
1964	3	0
1964	4	0
1964	5	0
1964	6	0
1964	7	0
1964	8	0
1964	9	0
1964	10	0
1964	11	0
1964	12	0
1965	1	0
1965	2	0
1965	3	0
1965	4	0
1965	5	0
1965	6	0
1965	7	0
1965	8	0
1965	9	0
1965	10	0
1965	11	0
1965	12	0
1966	1	0
1966	2	0
1966	3	0
1966	4	0
1966	5	0
1966	6	0
1966	7	0
1966	8	0
1966	9	0
1966	10	0
1966	11	0
1966	12	0
1967	1	0
1967	2	0
1967	3	0
1967	4	0
1967	5	0
1967	6	0
1967	7	0
1967	8	0
1967	9	0
1967	10	0
1967	11	0
1967	12	0
1968	1	0
1968	2	0
1968	3	0
1968	4	0
1968	5	0
1968	6	0
1968	7	0
1968	8	0
1968	9	0
1968	10	0
1968	11	0
1968	12	0
1969	1	0
1969	2	0
1969	3	0
1969	4	0
1969	5	0
1969	6	0
1969	7	0
1969	8	0
1969	9	0
1969	10	0
1969	11	0
1969	12	0
1970	1	0
1970	2	0
1970	3	0
1970	4	0
1970	5	0
1970	6	0
1970	7	0
1970	8	0
1970	9	0
1970	10	0
1970	11	0
1970	12	0
1971	1	0
1971	2	0
1971	3	0
1971	4	0
1971	5	0
1971	6	0
1971	7	0
1971	8	0
1971	9	0
1971	10	0
1971	11	0
1971	12	0
1972	1	0
1972	2	0
1972	3	0
1972	4	0
1972	5	0
1972	6	0
1972	7	0
1972	8	0
1972	9	0
1972	10	0
1972	11	0
1972	12	0
1973	1	0
1973	2	0
1973	3	0
1973	4	0
1973	5	0
1973	6	16.5
1973	7	8.8
1973	8	17.7
1973	9	15.2
1973	10	24.7
1973	11	22
1973	12	25.4
1974	1	30
1974	2	15.7
1974	3	17.2
1974	4	42.7
1974	5	44.6
1974	6	15.4
1974	7	27
1974	8	45.3
1974	9	30.2
1974	10	33.3
1974	11	30.2
1974	12	20
1975	1	17.7
1975	2	36.5
1975	3	44.2
1975	4	38.5
1975	5	44.5
1975	6	48.2
1975	7	13.7
1975	8	22.3
1975	9	41.2
1975	10	31.1
1975	11	1.1
1975	12	2.4
1976	1	30.5
1976	2	48.2
1976	3	46
1976	4	56.1
1976	5	70
1976	6	43.4
1976	7	66.9
1976	8	76.9
1976	9	69.8
1976	10	41.3
1976	11	23.2
1976	12	30.3
1977	1	22.6
1977	2	88.4
1977	3	53.9
1977	4	45.2
1977	5	42.8
1977	6	58.4
1977	7	11.9
1977	8	10.6
1977	9	14.5
1977	10	27.3
1977	11	14.9
1977	12	12.3
1978	1	32.4
1978	2	37.1
1978	3	49.4
1978	4	54.4
1978	5	54.7
1978	6	45.7
1978	7	13.7
1978	8	27.1
1978	9	43.2
1978	10	19.7
1978	11	8.4
1978	12	7.2
1979	1	17.8
1979	2	39.5
1979	3	57.6
1979	4	50.5
1979	5	31.7
1979	6	57.7
1979	7	64.7
1979	8	26.5
1979	9	6.3
1979	10	47.5
1979	11	30.3
1979	12	11.4
1980	1	32.7
1980	2	46.2
1980	3	42.6
1980	4	34.1
1980	5	14.8
1980	6	14.9
1980	7	16
1980	8	12.4
1980	9	30.9
1980	10	29.9
1980	11	45.8
1980	12	15.5
1981	1	22
1981	2	19.4
1981	3	37.1
1981	4	21.2
1981	5	11.1
1981	6	8.6
1981	7	27.4
1981	8	29
1981	9	37.7
1981	10	36.9
1981	11	43.3
1981	12	43.6
1982	1	37.7
1982	2	40.8
1982	3	36.2
1982	4	40.2
1982	5	29.4
1982	6	25.7
1982	7	18.7
1982	8	18.6
1982	9	10.5
1982	10	6.2
1982	11	7.9
1982	12	13.9
1983	1	6.1
1983	2	16.4
1983	3	36.7
1983	4	38.5
1983	5	42.7
1983	6	54.6
1983	7	31.8
1983	8	45.4
1983	9	43.6
1983	10	39.9
1983	11	38.5
1983	12	30.4
1984	1	52.4
1984	2	64.7
1984	3	66.1
1984	4	74.2
1984	5	72.1
1984	6	67.7
1984	7	19.3
1984	8	31.1
1984	9	10.8
1984	10	31.3
1984	11	30.9
1984	12	21.2
1985	1	34.3
1985	2	59.5
1985	3	69.9
1985	4	62.8
1985	5	50.8
1985	6	45.7
1985	7	49.2
1985	8	66.6
1985	9	52.8
1985	10	56.6
1985	11	39.6
1985	12	71.9
1986	1	69.9
1986	2	69.7
1986	3	75.2
1986	4	60.9
1986	5	28.3
1986	6	19.4
1986	7	18.7
1986	8	19.3
1986	9	8
1986	10	11.9
1986	11	17.5
1986	12	5.6
1987	1	40.4
1987	2	74.8
1987	3	82.6
1987	4	77.1
1987	5	81.5
1987	6	62.3
1987	7	31.5
1987	8	6.9
1987	9	5.5
1987	10	7.4
1987	11	3.9
1987	12	12.9
1988	1	60
1988	2	75.7
1988	3	83.1
1988	4	45.2
1988	5	69
1988	6	76.6
1988	7	71.9
1988	8	58.3
1988	9	44.6
1988	10	47.7
1988	11	31.9
1988	12	51.4
1989	1	73.9
1989	2	74.9
1989	3	74.2
1989	4	72.5
1989	5	82.9
1989	6	67.5
1989	7	43.9
1989	8	14.9
1989	9	0.5
1989	10	0.2
1989	11	6
1989	12	19.4
1990	1	50.8
1990	2	45.6
1990	3	50.4
1990	4	22.9
1990	5	20.2
1990	6	54.4
1990	7	41.6
1990	8	12
1990	9	2
1990	10	12.4
1990	11	45.2
1990	12	45.2
1991	1	46.1
1991	2	43.9
1991	3	36.5
1991	4	28.5
1991	5	28.9
1991	6	3.7
1991	7	12.1
1991	8	11.7
1991	9	0.2
1991	10	16.5
1991	11	11
1991	12	7.4
1992	1	23.7
1992	2	22.1
1992	3	65.6
1992	4	68
1992	5	12.6
1992	6	2
1992	7	15.4
1992	8	51.3
1992	9	2.3
1992	10	2.5
1992	11	6.1
1992	12	2.7
1993	1	28.4
1993	2	63.3
1993	3	72.5
1993	4	47.3
1993	5	9.4
1993	6	11.5
1993	7	3.6
1993	8	15.5
1993	9	4.2
1993	10	25.2
1993	11	53.4
1993	12	28.3
1994	1	70
1994	2	83.6
1994	3	65.2
1994	4	68.9
1994	5	74.3
1994	6	29
1994	7	12.2
1994	8	1.1
1994	9	5.5
1994	10	3.6
1994	11	2
1994	12	4.5
1995	1	65
1995	2	86.3
1995	3	93.3
1995	4	91.7
1995	5	70.7
1995	6	42.3
1995	7	22
1995	8	21.2
1995	9	3.1
1995	10	12.1
1995	11	7.3
1995	12	7.7
1996	1	81.4
1996	2	96.7
1996	3	95.8
1996	4	96.6
1996	5	96.5
1996	6	83
1996	7	95.7
1996	8	92.5
1996	9	59.7
1996	10	79
1996	11	70.7
1996	12	72
1997	1	76.1
1997	2	76.3
1997	3	71.6
1997	4	61.5
1997	5	39.9
1997	6	3.2
1997	7	9.8
1997	8	1.6
1997	9	1
1997	10	4.4
1997	11	3.2
1997	12	8.3
1998	1	25
1998	2	73
1998	3	90.9
1998	4	88.1
1998	5	86.4
1998	6	46.4
1998	7	61.1
1998	8	66.3
1998	9	31.4
1998	10	28.2
1998	11	30.5
1998	12	29.2
1999	1	26.1
1999	2	27.2
1999	3	23.2
1999	4	16.3
1999	5	0.8
1999	6	2.4
1999	7	0
1999	8	0
1999	9	1.8
1999	10	2.2
1999	11	2.2
1999	12	21.3
2000	1	51.6
2000	2	34
2000	3	33.7
2000	4	28.78
2000	5	28.92
2000	6	4.71
2000	7	0.51
2000	8	0.05
2000	9	0.1
2000	10	0.48
2000	11	0.26
2000	12	0.72
2001	1	0.81
2001	2	24.55
2001	3	34.95
2001	4	44.88
2001	5	30.48
2001	6	0.79
2001	7	0.4
2001	8	1.6
2001	9	0.8
2001	10	1.92
2001	11	12.59
2001	12	20.16
2002	1	68.13
2002	2	80.63
2002	3	60.66
2002	4	59.31
2002	5	42.43
2002	6	25.66
2002	7	27.89
2002	8	1.8
2002	9	0.21
2002	10	0.64
2002	11	0.41
2002	12	2.53
2003	1	31.58
2003	2	74.07
2003	3	84.33
2003	4	90.49
2003	5	89.49
2003	6	33.83
2003	7	23.1
2003	8	42.79
2003	9	37.01
2003	10	36.98
2003	11	45.7
2003	12	67.92
2004	1	60.32
2004	2	77.84
2004	3	81.8
2004	4	64.01
2004	5	82.27
2004	6	36.9
2004	7	15.63
2004	8	46.59
2004	9	0.91
2004	10	3.05
2004	11	0.27
2004	12	20.98
2005	1	78.8
2005	2	79.81
2005	3	59.52
2005	4	56.62
2005	5	37.35
2005	6	2.1
2005	7	3.45
2005	8	0.12
2005	9	0.11
2005	10	0.42
2005	11	0.09
2005	12	0.51
2006	1	19.46
2006	2	53.78
2006	3	80.89
2006	4	64
2006	5	85.5
2006	6	19.5
2006	7	0.51
2006	8	3.48
2006	9	0.7
2006	10	0.51
2006	11	2.52
2006	12	14.67
2007	1	74.54
2007	2	90.99
2007	3	91.46
2007	4	91.59
2007	5	94.88
2007	6	70.96
2007	7	30.79
2007	8	32.54
2007	9	23.95
2007	10	7.67
2007	11	14.39
2007	12	27.16
2008	1	53.82
2008	2	65.55
2008	3	64.26
2008	4	37.71
2008	5	14.93
2008	6	11.27
2008	7	20.84
2008	8	12
2008	9	14.77
2008	10	10.79
2008	11	10.69
2008	12	33.28
2009	1	49.01
2009	2	55.44
2009	3	71.87
2009	4	80.15
2009	5	37.6
2009	6	47.12
2009	7	28.52
2009	8	21.64
2009	9	7.56
2009	10	17.35
2009	11	6.26
2009	12	23.94
2010	1	45.13
2010	2	67.33
2010	3	51.81
2010	4	112.6731024
2010	5	105.9299001
2010	6	82.52375866
2010	7	52.98437902
2010	8	21.88558986
2010	9	17.19915834
2010	10	8.922737029
2010	11	11.05230905
2010	12	25.86047491
2011	1	20.08487575
2011	2	21.64688478
2011	3	27.11615513
2011	4	47.04447158
2011	5	29.07460428
2011	6	25.28798219
2011	7	29.22919934
2011	8	24.90429191
2011	9	18.99073734
2011	10	11.98446052
2011	11	6.069710706
2011	12	16.32828621
2012	1	21.885332
2012	2	19.33223377
2012	3	13.2707732
2012	4	39.82319829
2012	5	22.12662899
2012	6	12.16139601
2012	7	31.19158375
2012	8	36.03575572
2012	9	19.52821104
2012	10	21.43206443
2012	11	20.47394954
2012	12	32.6439637
2013	1	36.66764942
2013	2	44.15403321
2013	3	43.11655745
2013	4	58.72594308
2013	5	22.5541967
2013	6	10.52057274
2013	7	2.478801358
2013	8	0.566006634
2013	9	1.522842145
2013	10	56.86057911
2013	11	56.0768795
2013	12	46.60181145
2014	1	35.08867786
2014	2	31.32633444
2014	3	18.67912552
2014	4	48.21261873
2014	5	38.26731004
2014	6	0.48259508
2014	7	0.722983729
2014	8	24.3508632
2014	9	16.61689517
2014	10	18.22272213
2014	11	21.94284542
2014	12	32.6439637
2015	1	23.88583895
2015	2	8.811092827
2015	3	27.11615513
2015	4	48.42500912
2015	5	42.756771
2015	6	18.04905599
2015	7	9.192221702
2015	8	4.433718636
2015	9	2.597789542
2015	10	1.662078466
2015	11	14.04186805
2015	12	17.65220131
2016	1	22.58550943
2016	2	18.91138813
2016	3	2.345901514
2016	4	35.15060969
2016	5	27.79190115
2016	6	40.92406277
2016	7	13.42684069
2016	8	2.641364294
2016	9	3.224842189
2016	10	1.924511908
2016	11	17.21261245
2016	12	31.95048436
2017	1	27.28670076
2017	2	30.58985458
2017	3	2.7785697
2017	4	18.15937842
2017	5	5.772164084
2017	6	9.072787502
2017	7	4.544469156
2017	8	4.339384197
2017	9	0
2017	10	0.349911256
2017	11	1.268297759
2017	12	8.1200126
2018	1	19.28467297
2018	2	27.64393511
2018	3	9.052258389
2018	4	21.77001507
2018	5	17.42338418
2018	6	1.640823272
2018	7	1.239400679
2018	8	0.188668878
2018	9	0.08957895
2018	10	0
2018	11	0.181185394
2018	12	14.03350004
2019	1	22.48548409
2019	2	34.1670425
2019	3	25.60181648
